#Res        AtomicFlx
   1.000       5.5729
   2.000       4.3182
   3.000       3.0551
   4.000       1.0033
   5.000       0.9144
   6.000       0.7406
   7.000       0.5632
   8.000       0.6282
   9.000       0.5641
  10.000       0.4763
  11.000       0.4432
  12.000       0.4934
  13.000       0.6719
  14.000       0.7442
  15.000       0.8938
  16.000       0.7994
  17.000       0.7408
  18.000       0.6729
  19.000       0.4933
  20.000       0.4549
  21.000       0.5002
  22.000       0.5276
  23.000       0.5302
  24.000       0.5974
  25.000       0.6008
  26.000       0.7027
  27.000       0.8338
  28.000       0.9375
  29.000       0.8281
  30.000       0.6930
  31.000       0.6619
  32.000       0.5144
  33.000       0.4468
  34.000       0.4172
  35.000       0.4310
  36.000       0.4423
  37.000       0.3938
  38.000       0.4259
  39.000       0.5099
  40.000       0.5707
  41.000       0.4895
  42.000       0.4957
  43.000       0.4691
  44.000       0.4924
  45.000       0.5107
  46.000       0.5785
  47.000       0.6979
  48.000       0.9934
  49.000       1.1724
  50.000       1.1784
  51.000       1.2979
  52.000       1.2030
  53.000       0.9493
  54.000       1.0492
  55.000       0.8820
  56.000       0.7658
  57.000       0.6668
  58.000       0.9454
  59.000       0.9448
  60.000       1.3669
  61.000       1.0372
  62.000       0.7584
  63.000       0.8613
  64.000       0.7712
  65.000       0.6837
  66.000       0.7580
  67.000       0.8153
  68.000       0.8733
  69.000       1.0669
  70.000       0.9089
  71.000       0.8043
  72.000       0.7246
  73.000       0.7934
  74.000       0.8052
  75.000       0.9437
  76.000       0.8887
  77.000       1.1340
  78.000       1.2316
  79.000       0.9937
  80.000       0.8191
  81.000       0.7105
  82.000       0.6881
  83.000       0.6594
  84.000       0.6353
  85.000       0.6171
  86.000       0.6492
  87.000       0.6164
  88.000       0.5979
  89.000       0.6160
  90.000       0.6252
  91.000       0.6745
  92.000       0.6070
  93.000       0.6908
  94.000       0.5851
  95.000       0.6933
  96.000       0.8598
  97.000       1.0584
  98.000       0.7915
  99.000       0.7669
 100.000       0.7436
 101.000       0.6560
 102.000       0.6651
 103.000       0.5613
 104.000       0.5284
 105.000       0.5334
 106.000       0.5372
 107.000       0.5669
 108.000       0.7553
 109.000       0.7824
 110.000       0.7906
 111.000       0.9346
 112.000       0.9888
 113.000       0.8088
 114.000       0.7751
 115.000       0.9497
 116.000       1.0542
 117.000       1.0608
 118.000       0.8206
 119.000       0.6705
 120.000       0.5326
 121.000       0.5453
 122.000       0.4863
 123.000       0.4332
 124.000       0.4278
 125.000       0.4793
 126.000       0.4507
 127.000       0.5293
 128.000       0.5210
 129.000       0.6302
 130.000       0.6901
 131.000       0.6790
 132.000       0.6279
 133.000       0.6794
 134.000       0.8336
 135.000       0.8932
 136.000       1.0769
 137.000       1.2032
 138.000       0.9969
 139.000       0.8752
 140.000       0.6387
 141.000       0.5661
 142.000       0.5536
 143.000       0.5910
 144.000       0.5775
 145.000       0.5570
 146.000       0.6019
 147.000       0.7862
 148.000       0.8259
 149.000       0.7861
 150.000       0.9153
 151.000       0.7595
 152.000       0.6750
 153.000       0.5072
 154.000       0.4953
 155.000       0.4378
 156.000       0.4240
 157.000       0.4318
 158.000       0.5056
 159.000       0.4785
 160.000       0.5721
 161.000       1.1262
 162.000       1.1726
 163.000       1.2788
 164.000       1.1632
 165.000       1.2309
 166.000       1.4492
 167.000       1.6456
 168.000       1.7321
 169.000       1.7359
 170.000       1.4383
 171.000       1.3844
 172.000       1.5714
 173.000       1.5782
 174.000       1.0766
 175.000       0.8488
 176.000       0.6075
 177.000       0.5417
 178.000       0.4601
 179.000       0.4712
 180.000       0.4682
 181.000       0.5751
 182.000       0.5882
 183.000       0.6364
 184.000       0.5691
 185.000       0.6584
 186.000       0.7622
 187.000       0.8056
 188.000       0.5727
 189.000       0.5095
 190.000       0.6287
 191.000       0.8312
 192.000       0.9139
 193.000       0.5904
 194.000       0.4191
 195.000       0.4151
 196.000       0.4210
 197.000       0.4511
 198.000       0.4674
 199.000       0.5240
 200.000       0.5529
 201.000       0.5677
 202.000       0.4897
 203.000       0.4573
 204.000       0.4161
 205.000       0.4286
 206.000       0.4736
 207.000       0.4543
 208.000       0.4712
 209.000       0.5445
 210.000       0.7427
 211.000       0.6650
 212.000       0.5575
 213.000       0.5394
 214.000       0.7424
 215.000       0.8031
 216.000       0.7862
 217.000       0.7785
 218.000       0.7871
 219.000       1.0224
 220.000       0.8423
 221.000       0.8871
 222.000       0.7302
 223.000       0.6147
 224.000       0.6152
 225.000       0.5623
 226.000       0.5376
 227.000       0.8358
 228.000       0.7637
 229.000       0.6367
 230.000       0.4636
 231.000       0.4298
 232.000       0.4331
 233.000       0.4514
 234.000       0.4778
 235.000       0.5373
 236.000       0.4934
 237.000       0.5757
 238.000       0.5005
 239.000       0.4744
 240.000       0.4852
 241.000       0.5308
 242.000       0.6051
 243.000       0.7273
 244.000       0.7718
 245.000       0.6148
 246.000       0.5790
 247.000       0.6870
 248.000       0.6798
 249.000       0.6170
 250.000       0.6217
 251.000       0.6748
 252.000       0.6663
 253.000       0.6426
 254.000       0.7386
 255.000       0.8280
 256.000       0.9014
 257.000       1.0150
 258.000       1.7880
 259.000       1.7684
 260.000       1.2876
 261.000       1.4896
 262.000       1.1582
 263.000       1.3403
 264.000       1.4455
 265.000       1.0530
 266.000       0.7807
 267.000       0.8047
 268.000       0.9413
 269.000       0.9824
 270.000       1.2366
 271.000       0.9479
 272.000       0.8357
 273.000       0.8813
 274.000       0.9777
 275.000       1.3292
 276.000       2.2033
 277.000       3.6371
 278.000       4.0847
 279.000       2.3877
 280.000       1.7497
 281.000       1.5582
 282.000       0.8180
 283.000       1.0258
 284.000       0.9428
 285.000       0.6111
 286.000       0.5425
 287.000       0.5040
 288.000       0.4975
 289.000       0.4960
 290.000       0.4551
 291.000       0.4135
 292.000       0.4426
 293.000       0.4950
 294.000       0.5515
 295.000       0.7360
 296.000       0.9671
 297.000       1.1125
 298.000       0.9778
 299.000       0.7727
 300.000       0.5353
 301.000       0.4481
 302.000       0.5033
 303.000       0.4437
 304.000       0.4284
 305.000       0.4780
 306.000       0.4699
 307.000       0.4780
 308.000       0.5064
 309.000       0.4993
 310.000       0.5027
 311.000       0.5328
 312.000       0.6434
 313.000       0.7504
 314.000       0.9190
 315.000       1.3734
 316.000       2.0191
 317.000       2.9848
 318.000       3.5260
 319.000       4.7697
 320.000       3.6441
 321.000       2.8391
 322.000       1.3843
 323.000       1.2371
 324.000       0.8695
 325.000       0.6494
 326.000       0.5727
 327.000       0.5200
 328.000       0.5156
 329.000       0.5264
 330.000       0.5659
 331.000       0.6072
 332.000       0.7898
 333.000       1.3845
 334.000       1.2010
 335.000       0.9343
 336.000       0.6628
 337.000       0.5023
 338.000       0.5194
 339.000       0.5154
 340.000       0.5012
 341.000       0.5464
 342.000       0.4950
 343.000       0.4568
 344.000       0.4955
 345.000       0.5254
 346.000       0.4033
 347.000       0.3861
 348.000       0.3958
 349.000       0.4061
 350.000       0.4166
 351.000       0.4689
 352.000       0.5018
 353.000       0.6317
 354.000       0.5133
 355.000       0.4781
 356.000       0.4129
 357.000       0.4085
 358.000       0.4507
 359.000       0.3911
 360.000       0.4037
 361.000       0.4361
 362.000       0.4397
 363.000       0.5298
 364.000       0.5333
 365.000       0.5211
 366.000       0.5348
 367.000       0.7437
 368.000       1.0650
 369.000       1.6044
 370.000       1.4426
 371.000       1.1896
 372.000       0.8952
 373.000       0.5671
 374.000       0.5104
 375.000       0.6231
 376.000       0.7563
 377.000       0.7376
 378.000       0.7027
 379.000       0.7695
 380.000       1.0450
 381.000       1.0437
 382.000       1.2229
 383.000       1.6069
 384.000       1.1608
 385.000       1.4227
 386.000       1.0793
 387.000       0.8224
 388.000       0.8958
 389.000       1.5342
 390.000       2.1296
