#Res        AtomicFlx
   1.000       2.7560
   2.000       1.5816
   3.000       1.0794
   4.000       1.0657
   5.000       0.9403
   6.000       0.7053
   7.000       0.7284
   8.000       0.8062
   9.000       0.9602
  10.000       0.8755
  11.000       1.0728
  12.000       1.1368
  13.000       0.8258
  14.000       0.7670
  15.000       0.7864
  16.000       0.5731
  17.000       0.5256
  18.000       0.5002
  19.000       0.5314
  20.000       0.4817
  21.000       0.5971
  22.000       0.6885
  23.000       1.0903
  24.000       1.2025
  25.000       0.7611
  26.000       0.6271
  27.000       0.5875
  28.000       0.4411
  29.000       0.4529
  30.000       0.4223
  31.000       0.4546
  32.000       0.5810
  33.000       0.7469
  34.000       0.6872
  35.000       0.5604
  36.000       0.4231
  37.000       0.4076
  38.000       0.3896
  39.000       0.3823
  40.000       0.4372
  41.000       0.5222
  42.000       0.5673
  43.000       0.6231
  44.000       0.8347
  45.000       1.2011
  46.000       1.6405
  47.000       2.7252
  48.000       3.0071
  49.000       1.9539
  50.000       2.0335
  51.000       1.5067
  52.000       1.1426
  53.000       1.0664
  54.000       0.7435
  55.000       1.0447
  56.000       1.0692
  57.000       0.8931
  58.000       0.8014
  59.000       1.0972
  60.000       1.2506
  61.000       1.0351
  62.000       1.0220
  63.000       0.8961
  64.000       1.0401
  65.000       0.8791
  66.000       0.6798
  67.000       0.7035
  68.000       0.5941
  69.000       0.7062
  70.000       0.7628
  71.000       1.1849
  72.000       1.5479
  73.000       1.0828
  74.000       0.8925
  75.000       0.7267
  76.000       0.7781
  77.000       0.6831
  78.000       0.7559
  79.000       0.7250
  80.000       0.6677
  81.000       0.7304
  82.000       0.6528
  83.000       0.8476
  84.000       0.6200
  85.000       0.4733
  86.000       0.4779
  87.000       0.4549
  88.000       0.4881
  89.000       0.5103
  90.000       0.6119
  91.000       0.6498
  92.000       0.8913
  93.000       0.9266
  94.000       0.8378
  95.000       0.6834
  96.000       0.9520
  97.000       1.1115
  98.000       0.7667
  99.000       0.7773
 100.000       0.7694
 101.000       0.6991
 102.000       0.7289
 103.000       0.7294
 104.000       0.7019
 105.000       0.6463
 106.000       0.6242
 107.000       0.6844
 108.000       0.6567
 109.000       0.6824
 110.000       0.6087
 111.000       0.6075
 112.000       0.5916
 113.000       0.6007
 114.000       0.5967
 115.000       0.6157
 116.000       0.7147
 117.000       0.6985
 118.000       0.7879
 119.000       0.9596
 120.000       0.7218
 121.000       0.8175
 122.000       0.7650
 123.000       0.9136
 124.000       0.8902
 125.000       0.7269
 126.000       0.7786
 127.000       0.7256
 128.000       0.5919
 129.000       0.5883
 130.000       0.5672
 131.000       0.5948
 132.000       0.6871
 133.000       0.7096
 134.000       0.6478
 135.000       0.6134
 136.000       0.5837
 137.000       0.6655
 138.000       0.9090
 139.000       1.1631
 140.000       0.9052
 141.000       1.1385
 142.000       1.3718
 143.000       1.1066
 144.000       0.6791
 145.000       0.5146
 146.000       0.4359
 147.000       0.4738
 148.000       0.4991
 149.000       0.5236
 150.000       0.5888
 151.000       0.6802
 152.000       0.8633
 153.000       1.4733
 154.000       1.5289
 155.000       1.3817
 156.000       0.8593
 157.000       0.6896
 158.000       0.6583
 159.000       0.5709
 160.000       0.5548
 161.000       0.4595
 162.000       0.4014
 163.000       0.4272
 164.000       0.4320
 165.000       0.5207
 166.000       0.6759
 167.000       0.9068
 168.000       1.4230
 169.000       1.5185
 170.000       1.2266
 171.000       0.8266
 172.000       0.5681
 173.000       0.4890
 174.000       0.4657
 175.000       0.4215
 176.000       0.5419
 177.000       0.5725
 178.000       0.6620
 179.000       0.5605
 180.000       0.5697
 181.000       0.5006
 182.000       0.5289
 183.000       0.6669
 184.000       0.7829
 185.000       0.6238
 186.000       0.6154
 187.000       0.5885
 188.000       0.7075
 189.000       0.9196
 190.000       1.0000
 191.000       1.0736
 192.000       0.8876
 193.000       0.9883
 194.000       0.9697
 195.000       1.2281
 196.000       1.1384
 197.000       1.4285
 198.000       0.9257
 199.000       0.7185
 200.000       0.6799
 201.000       0.5223
 202.000       0.5276
 203.000       0.5119
 204.000       0.4440
 205.000       0.3681
 206.000       0.4312
 207.000       0.4890
 208.000       0.4365
 209.000       0.4579
 210.000       0.5581
 211.000       0.6614
 212.000       0.6975
 213.000       0.7345
 214.000       0.8943
 215.000       1.1072
 216.000       1.0990
 217.000       1.0593
 218.000       1.0451
 219.000       0.8173
 220.000       0.9001
 221.000       1.5931
 222.000       1.3364
 223.000       1.2491
 224.000       1.0367
 225.000       0.9408
 226.000       1.0359
 227.000       1.0693
 228.000       1.2248
 229.000       1.0908
 230.000       1.0141
 231.000       1.1842
 232.000       1.1178
 233.000       1.0331
 234.000       1.0506
 235.000       1.0864
 236.000       1.0074
 237.000       0.8710
 238.000       0.8570
 239.000       0.6849
 240.000       0.8008
 241.000       0.9037
 242.000       0.9033
 243.000       1.0684
 244.000       1.1481
 245.000       1.1534
 246.000       0.9119
 247.000       0.9048
 248.000       1.0516
 249.000       0.9096
 250.000       0.7118
 251.000       0.8910
 252.000       0.9199
 253.000       0.7347
 254.000       0.7392
 255.000       0.9492
 256.000       0.8953
 257.000       0.8392
 258.000       0.9768
 259.000       0.8240
 260.000       0.8422
 261.000       0.7110
 262.000       0.7662
 263.000       0.7301
 264.000       0.5675
 265.000       0.5794
 266.000       0.6720
 267.000       0.6157
 268.000       0.4849
 269.000       0.6255
 270.000       0.7227
 271.000       0.7083
 272.000       0.7554
 273.000       1.0218
 274.000       1.2499
 275.000       1.2495
 276.000       1.3182
 277.000       1.6370
 278.000       1.7763
 279.000       1.3245
 280.000       1.1247
 281.000       0.9062
 282.000       1.0136
 283.000       1.3572
 284.000       1.1917
 285.000       1.1761
 286.000       0.9662
 287.000       0.7080
 288.000       0.7502
 289.000       0.6633
 290.000       0.7127
 291.000       0.6331
 292.000       0.5874
 293.000       0.5786
 294.000       0.6897
 295.000       0.6463
 296.000       0.5935
 297.000       0.7170
 298.000       0.7888
 299.000       0.8452
 300.000       0.9343
 301.000       1.6605
 302.000       1.8779
 303.000       1.4640
 304.000       1.2987
 305.000       1.1562
 306.000       1.4196
