#Res        AtomicFlx
   1.000       3.2439
   2.000       1.6248
   3.000       0.9203
   4.000       0.7670
   5.000       0.6933
   6.000       0.7443
   7.000       0.6739
   8.000       0.7156
   9.000       0.8911
  10.000       0.7868
  11.000       0.8504
  12.000       0.8963
  13.000       0.7036
  14.000       0.6984
  15.000       0.7751
  16.000       0.5773
  17.000       0.4915
  18.000       0.4921
  19.000       0.5196
  20.000       0.4889
  21.000       0.6656
  22.000       0.8358
  23.000       1.3856
  24.000       1.4028
  25.000       0.8350
  26.000       0.6377
  27.000       0.4967
  28.000       0.4213
  29.000       0.4687
  30.000       0.4575
  31.000       0.4856
  32.000       0.5792
  33.000       0.7881
  34.000       0.7325
  35.000       0.5688
  36.000       0.4435
  37.000       0.4287
  38.000       0.3977
  39.000       0.4197
  40.000       0.4990
  41.000       0.5022
  42.000       0.5451
  43.000       0.6088
  44.000       0.6730
  45.000       1.1114
  46.000       1.6206
  47.000       1.7888
  48.000       1.2997
  49.000       1.3066
  50.000       1.7134
  51.000       1.7735
  52.000       1.8553
  53.000       1.6578
  54.000       1.3736
  55.000       1.5747
  56.000       1.3020
  57.000       0.9827
  58.000       0.8992
  59.000       1.1398
  60.000       1.1435
  61.000       0.9568
  62.000       1.0092
  63.000       0.8742
  64.000       1.0127
  65.000       0.9085
  66.000       0.6657
  67.000       0.6958
  68.000       0.5917
  69.000       0.7177
  70.000       0.8157
  71.000       1.4651
  72.000       2.1203
  73.000       1.3346
  74.000       0.9304
  75.000       0.7949
  76.000       0.9570
  77.000       0.7541
  78.000       0.7805
  79.000       0.7335
  80.000       0.6247
  81.000       0.6498
  82.000       0.6962
  83.000       0.9950
  84.000       0.7160
  85.000       0.5393
  86.000       0.5014
  87.000       0.4567
  88.000       0.4934
  89.000       0.5081
  90.000       0.6190
  91.000       0.7160
  92.000       1.0138
  93.000       1.0136
  94.000       0.8854
  95.000       0.7227
  96.000       1.0185
  97.000       1.1171
  98.000       0.8286
  99.000       0.8663
 100.000       0.8555
 101.000       0.7559
 102.000       0.7666
 103.000       0.7589
 104.000       0.7525
 105.000       0.6998
 106.000       0.7167
 107.000       0.7866
 108.000       0.7983
 109.000       0.8101
 110.000       0.6870
 111.000       0.6208
 112.000       0.5555
 113.000       0.5245
 114.000       0.5035
 115.000       0.5707
 116.000       0.7231
 117.000       0.5826
 118.000       0.7350
 119.000       1.0482
 120.000       0.8327
 121.000       0.8787
 122.000       0.7185
 123.000       0.8300
 124.000       0.7875
 125.000       0.6334
 126.000       0.5999
 127.000       0.5846
 128.000       0.6259
 129.000       0.7363
 130.000       0.7105
 131.000       0.6814
 132.000       0.7045
 133.000       0.6390
 134.000       0.6015
 135.000       0.5773
 136.000       0.6037
 137.000       0.7389
 138.000       0.8566
 139.000       1.0500
 140.000       0.7034
 141.000       0.7917
 142.000       0.7906
 143.000       0.8062
 144.000       0.5474
 145.000       0.4638
 146.000       0.4831
 147.000       0.4983
 148.000       0.4453
 149.000       0.4915
 150.000       0.5530
 151.000       0.6816
 152.000       0.9280
 153.000       1.5169
 154.000       1.7719
 155.000       1.6911
 156.000       0.9481
 157.000       0.6982
 158.000       0.6511
 159.000       0.5489
 160.000       0.5607
 161.000       0.4622
 162.000       0.3989
 163.000       0.4034
 164.000       0.4505
 165.000       0.5659
 166.000       0.6252
 167.000       0.7393
 168.000       1.1023
 169.000       1.1565
 170.000       0.9962
 171.000       0.7059
 172.000       0.5374
 173.000       0.5039
 174.000       0.5262
 175.000       0.4564
 176.000       0.5385
 177.000       0.5843
 178.000       0.7122
 179.000       0.6815
 180.000       0.6273
 181.000       0.5741
 182.000       0.5783
 183.000       0.7153
 184.000       0.7953
 185.000       0.6942
 186.000       0.7081
 187.000       0.7893
 188.000       1.2232
 189.000       1.4675
 190.000       1.4598
 191.000       1.8282
 192.000       1.1212
 193.000       1.1945
 194.000       0.9680
 195.000       1.2661
 196.000       1.2746
 197.000       1.1012
 198.000       0.8360
 199.000       0.6854
 200.000       0.6107
 201.000       0.5191
 202.000       0.4998
 203.000       0.4575
 204.000       0.4024
 205.000       0.3772
 206.000       0.4293
 207.000       0.4223
 208.000       0.3762
 209.000       0.4579
 210.000       0.5344
 211.000       0.5605
 212.000       0.6150
 213.000       0.7328
 214.000       0.8348
 215.000       0.9498
 216.000       0.8212
 217.000       0.8445
 218.000       0.8925
 219.000       0.7497
 220.000       0.7390
 221.000       0.9873
 222.000       1.8401
 223.000       1.4597
 224.000       1.7820
 225.000       1.1663
 226.000       1.1221
 227.000       1.0692
 228.000       1.1987
 229.000       1.1091
 230.000       0.8425
 231.000       0.9176
 232.000       1.0629
 233.000       0.8789
 234.000       0.8159
 235.000       1.0271
 236.000       1.0592
 237.000       0.9073
 238.000       0.9116
 239.000       0.7076
 240.000       0.7837
 241.000       0.8543
 242.000       0.8712
 243.000       1.0923
 244.000       1.2075
 245.000       1.1864
 246.000       0.9309
 247.000       0.9387
 248.000       1.0755
 249.000       0.9112
 250.000       0.7045
 251.000       0.8915
 252.000       0.9137
 253.000       0.7088
 254.000       0.7428
 255.000       0.9718
 256.000       0.9391
 257.000       0.8268
 258.000       0.9865
 259.000       0.8228
 260.000       0.8402
 261.000       0.7221
 262.000       0.7919
 263.000       0.7499
 264.000       0.5537
 265.000       0.5966
 266.000       0.6980
 267.000       0.6315
 268.000       0.5335
 269.000       0.6791
 270.000       0.8455
 271.000       0.8207
 272.000       0.8320
 273.000       1.0704
 274.000       1.3038
 275.000       1.1864
 276.000       1.1687
 277.000       1.5628
 278.000       1.7574
 279.000       1.1781
 280.000       0.9708
 281.000       0.7440
 282.000       0.8169
 283.000       1.0974
 284.000       1.0315
 285.000       1.0502
 286.000       0.9197
 287.000       0.6686
 288.000       0.6672
 289.000       0.5767
 290.000       0.6763
 291.000       0.5975
 292.000       0.5767
 293.000       0.5622
 294.000       0.7076
 295.000       0.7247
 296.000       0.6594
 297.000       0.8379
 298.000       1.0579
 299.000       1.1411
 300.000       1.0739
 301.000       1.3518
 302.000       1.3226
 303.000       1.1016
 304.000       1.7337
 305.000       2.4635
 306.000       3.3098
