#Res        AtomicFlx
   1.000       3.0597
   2.000       1.1448
   3.000       0.6726
   4.000       0.6879
   5.000       0.6590
   6.000       0.6827
   7.000       0.6030
   8.000       0.6362
   9.000       0.7405
  10.000       0.6911
  11.000       0.8211
  12.000       0.7430
  13.000       0.6210
  14.000       0.5822
  15.000       0.6795
  16.000       0.5417
  17.000       0.4632
  18.000       0.4588
  19.000       0.4884
  20.000       0.4778
  21.000       0.5866
  22.000       0.7031
  23.000       0.9464
  24.000       0.9748
  25.000       0.7238
  26.000       0.6232
  27.000       0.5217
  28.000       0.4128
  29.000       0.4637
  30.000       0.4225
  31.000       0.4419
  32.000       0.5391
  33.000       0.7416
  34.000       0.6644
  35.000       0.5521
  36.000       0.4384
  37.000       0.4305
  38.000       0.4342
  39.000       0.4281
  40.000       0.4832
  41.000       0.5020
  42.000       0.5595
  43.000       0.6192
  44.000       0.9706
  45.000       1.1981
  46.000       1.8055
  47.000       1.6872
  48.000       1.1462
  49.000       1.1742
  50.000       1.4495
  51.000       1.4973
  52.000       1.0980
  53.000       1.1271
  54.000       0.8947
  55.000       1.0931
  56.000       1.0713
  57.000       0.8800
  58.000       0.9077
  59.000       1.0713
  60.000       1.0423
  61.000       0.9124
  62.000       1.0136
  63.000       0.9436
  64.000       0.9998
  65.000       0.7981
  66.000       0.6591
  67.000       0.6961
  68.000       0.5638
  69.000       0.6851
  70.000       0.7714
  71.000       1.3027
  72.000       1.7728
  73.000       1.4046
  74.000       1.1926
  75.000       0.8221
  76.000       0.8079
  77.000       0.6892
  78.000       0.7591
  79.000       0.7451
  80.000       0.7128
  81.000       0.7404
  82.000       0.7167
  83.000       1.0126
  84.000       0.7916
  85.000       0.5720
  86.000       0.5209
  87.000       0.4812
  88.000       0.5243
  89.000       0.5376
  90.000       0.6242
  91.000       0.6618
  92.000       0.8813
  93.000       0.9670
  94.000       0.8296
  95.000       0.6569
  96.000       0.9293
  97.000       0.9266
  98.000       1.1569
  99.000       0.8200
 100.000       0.7340
 101.000       0.6546
 102.000       0.6953
 103.000       0.7339
 104.000       0.7429
 105.000       0.7390
 106.000       0.6933
 107.000       0.7907
 108.000       0.7534
 109.000       0.7648
 110.000       0.6302
 111.000       0.6332
 112.000       0.5753
 113.000       0.5563
 114.000       0.5383
 115.000       0.5069
 116.000       0.5441
 117.000       0.4877
 118.000       0.5745
 119.000       0.8303
 120.000       0.6445
 121.000       0.6920
 122.000       0.6545
 123.000       0.7809
 124.000       0.9282
 125.000       0.6883
 126.000       0.7804
 127.000       0.5613
 128.000       0.5848
 129.000       0.6106
 130.000       0.6057
 131.000       0.5575
 132.000       0.6167
 133.000       0.6516
 134.000       0.5984
 135.000       0.5762
 136.000       0.5711
 137.000       0.6598
 138.000       0.7610
 139.000       1.0432
 140.000       1.0879
 141.000       1.2916
 142.000       1.2160
 143.000       0.7086
 144.000       0.5489
 145.000       0.4630
 146.000       0.4334
 147.000       0.4446
 148.000       0.4699
 149.000       0.5220
 150.000       0.5370
 151.000       0.6137
 152.000       0.7380
 153.000       1.0563
 154.000       1.3086
 155.000       1.2040
 156.000       0.7660
 157.000       0.5955
 158.000       0.5972
 159.000       0.5295
 160.000       0.6187
 161.000       0.4919
 162.000       0.4546
 163.000       0.4677
 164.000       0.4399
 165.000       0.5376
 166.000       0.6043
 167.000       0.7065
 168.000       0.9866
 169.000       1.1598
 170.000       0.9935
 171.000       0.6946
 172.000       0.5516
 173.000       0.5102
 174.000       0.4847
 175.000       0.4579
 176.000       0.5320
 177.000       0.5871
 178.000       0.6988
 179.000       0.6574
 180.000       0.5941
 181.000       0.5467
 182.000       0.5701
 183.000       0.7300
 184.000       0.8110
 185.000       0.7160
 186.000       0.7878
 187.000       0.8387
 188.000       0.9214
 189.000       1.1844
 190.000       1.2453
 191.000       0.9933
 192.000       0.8175
 193.000       0.9228
 194.000       0.8896
 195.000       1.0119
 196.000       1.0345
 197.000       0.8286
 198.000       0.6682
 199.000       0.5730
 200.000       0.5336
 201.000       0.4690
 202.000       0.4856
 203.000       0.4201
 204.000       0.3503
 205.000       0.3445
 206.000       0.3980
 207.000       0.3809
 208.000       0.3587
 209.000       0.4156
 210.000       0.4715
 211.000       0.5157
 212.000       0.5693
 213.000       0.6439
 214.000       0.7178
 215.000       0.8277
 216.000       0.7186
 217.000       0.7559
 218.000       0.8284
 219.000       0.7171
 220.000       0.6791
 221.000       0.9611
 222.000       1.5048
 223.000       1.2518
 224.000       1.3805
 225.000       1.0793
 226.000       1.0905
 227.000       1.0781
 228.000       1.2432
 229.000       1.1288
 230.000       0.9758
 231.000       1.1562
 232.000       1.1436
 233.000       1.0538
 234.000       1.0728
 235.000       1.1483
 236.000       1.0776
 237.000       0.8545
 238.000       0.8223
 239.000       0.6537
 240.000       0.7731
 241.000       0.8550
 242.000       0.9110
 243.000       1.0747
 244.000       1.1340
 245.000       1.1533
 246.000       0.9043
 247.000       0.8808
 248.000       1.0386
 249.000       0.9116
 250.000       0.6904
 251.000       0.8758
 252.000       0.8635
 253.000       0.6519
 254.000       0.7217
 255.000       0.9134
 256.000       0.8246
 257.000       0.7546
 258.000       0.8981
 259.000       0.7576
 260.000       0.7830
 261.000       0.6816
 262.000       0.7231
 263.000       0.6748
 264.000       0.5197
 265.000       0.5474
 266.000       0.6412
 267.000       0.5848
 268.000       0.5066
 269.000       0.6648
 270.000       0.8291
 271.000       0.8018
 272.000       0.7839
 273.000       0.9605
 274.000       1.2069
 275.000       1.1670
 276.000       1.2136
 277.000       1.6420
 278.000       1.7003
 279.000       1.1379
 280.000       0.8836
 281.000       0.6824
 282.000       0.7441
 283.000       0.9732
 284.000       0.8872
 285.000       0.9690
 286.000       0.8466
 287.000       0.6436
 288.000       0.6133
 289.000       0.4823
 290.000       0.5390
 291.000       0.5666
 292.000       0.6395
 293.000       0.7114
 294.000       0.7611
 295.000       0.6895
 296.000       0.7046
 297.000       0.8118
 298.000       0.8031
 299.000       0.8583
 300.000       0.9060
 301.000       1.1213
 302.000       1.3277
 303.000       1.2396
 304.000       1.0233
 305.000       1.3252
 306.000       1.6291
