#Res        AtomicFlx
   1.000       4.2743
   2.000       3.4856
   3.000       2.6871
   4.000       0.9317
   5.000       0.8794
   6.000       0.7497
   7.000       0.5885
   8.000       0.6714
   9.000       0.6045
  10.000       0.5245
  11.000       0.5064
  12.000       0.5690
  13.000       0.7134
  14.000       0.8543
  15.000       0.9903
  16.000       1.0486
  17.000       0.9012
  18.000       0.7417
  19.000       0.5442
  20.000       0.5101
  21.000       0.5611
  22.000       0.5682
  23.000       0.5637
  24.000       0.5992
  25.000       0.6032
  26.000       0.7442
  27.000       0.9089
  28.000       0.9589
  29.000       0.8831
  30.000       0.6896
  31.000       0.6730
  32.000       0.5492
  33.000       0.5016
  34.000       0.4618
  35.000       0.4737
  36.000       0.4954
  37.000       0.4399
  38.000       0.4629
  39.000       0.5276
  40.000       0.5416
  41.000       0.5175
  42.000       0.5355
  43.000       0.5319
  44.000       0.5564
  45.000       0.5471
  46.000       0.6352
  47.000       0.7726
  48.000       1.1343
  49.000       1.3506
  50.000       1.3024
  51.000       1.4159
  52.000       1.3713
  53.000       1.0294
  54.000       1.1957
  55.000       0.9418
  56.000       0.7832
  57.000       0.6922
  58.000       0.9672
  59.000       0.9385
  60.000       1.4769
  61.000       1.2463
  62.000       0.8356
  63.000       0.9032
  64.000       0.8540
  65.000       0.7570
  66.000       0.8810
  67.000       0.9630
  68.000       1.0372
  69.000       1.3153
  70.000       1.1671
  71.000       1.1657
  72.000       1.0940
  73.000       1.3152
  74.000       1.3882
  75.000       1.6186
  76.000       1.8729
  77.000       2.2360
  78.000       1.7695
  79.000       1.3626
  80.000       1.1612
  81.000       1.0530
  82.000       1.0112
  83.000       0.8534
  84.000       0.8028
  85.000       0.7342
  86.000       0.7288
  87.000       0.6718
  88.000       0.6500
  89.000       0.6600
  90.000       0.6224
  91.000       0.6781
  92.000       0.6516
  93.000       0.9036
  94.000       0.7295
  95.000       0.8009
  96.000       0.8905
  97.000       1.2987
  98.000       0.8254
  99.000       0.7831
 100.000       0.7568
 101.000       0.6862
 102.000       0.6838
 103.000       0.5968
 104.000       0.5593
 105.000       0.5880
 106.000       0.6067
 107.000       0.6722
 108.000       0.9130
 109.000       0.9757
 110.000       0.9913
 111.000       1.1516
 112.000       1.2482
 113.000       1.1195
 114.000       1.1154
 115.000       1.1941
 116.000       1.2611
 117.000       1.2555
 118.000       1.0082
 119.000       0.8006
 120.000       0.6170
 121.000       0.6159
 122.000       0.5317
 123.000       0.4930
 124.000       0.4766
 125.000       0.4607
 126.000       0.4628
 127.000       0.5382
 128.000       0.5508
 129.000       0.6777
 130.000       0.7332
 131.000       0.6792
 132.000       0.6477
 133.000       0.7568
 134.000       0.9280
 135.000       0.9416
 136.000       1.0237
 137.000       1.1523
 138.000       0.9679
 139.000       0.9811
 140.000       0.7326
 141.000       0.6361
 142.000       0.6016
 143.000       0.6303
 144.000       0.5995
 145.000       0.5857
 146.000       0.6075
 147.000       0.7681
 148.000       0.8359
 149.000       0.7925
 150.000       0.9405
 151.000       0.7492
 152.000       0.6770
 153.000       0.5223
 154.000       0.5208
 155.000       0.4621
 156.000       0.4549
 157.000       0.4664
 158.000       0.5694
 159.000       0.5360
 160.000       0.6690
 161.000       1.8472
 162.000       1.7926
 163.000       3.3301
 164.000       3.8710
 165.000       3.9210
 166.000       3.4369
 167.000       3.3794
 168.000       3.4159
 169.000       3.2193
 170.000       2.5336
 171.000       2.2377
 172.000       2.2435
 173.000       2.2746
 174.000       1.5300
 175.000       1.1457
 176.000       0.6965
 177.000       0.5786
 178.000       0.4953
 179.000       0.5015
 180.000       0.4905
 181.000       0.5951
 182.000       0.6119
 183.000       0.6661
 184.000       0.5804
 185.000       0.6353
 186.000       0.7539
 187.000       0.7693
 188.000       0.5675
 189.000       0.5260
 190.000       0.6805
 191.000       0.8820
 192.000       0.9416
 193.000       0.6070
 194.000       0.4264
 195.000       0.4222
 196.000       0.4232
 197.000       0.4544
 198.000       0.4816
 199.000       0.5538
 200.000       0.5942
 201.000       0.5932
 202.000       0.5181
 203.000       0.4789
 204.000       0.4404
 205.000       0.4596
 206.000       0.4995
 207.000       0.4619
 208.000       0.4674
 209.000       0.5283
 210.000       0.7247
 211.000       0.6855
 212.000       0.6085
 213.000       0.5978
 214.000       0.7961
 215.000       0.8437
 216.000       0.8330
 217.000       0.8102
 218.000       0.8079
 219.000       1.0061
 220.000       0.8962
 221.000       1.0528
 222.000       0.8024
 223.000       0.6492
 224.000       0.6539
 225.000       0.6013
 226.000       0.5641
 227.000       0.8723
 228.000       0.7433
 229.000       0.6138
 230.000       0.4776
 231.000       0.4700
 232.000       0.4551
 233.000       0.4852
 234.000       0.5256
 235.000       0.5854
 236.000       0.5372
 237.000       0.6133
 238.000       0.5538
 239.000       0.5094
 240.000       0.5288
 241.000       0.5772
 242.000       0.6647
 243.000       0.7859
 244.000       0.8184
 245.000       0.6599
 246.000       0.6263
 247.000       0.7387
 248.000       0.7264
 249.000       0.6655
 250.000       0.6966
 251.000       0.7524
 252.000       0.7487
 253.000       0.7521
 254.000       0.9036
 255.000       1.0882
 256.000       1.5311
 257.000       1.6852
 258.000       2.4060
 259.000       2.0821
 260.000       1.7462
 261.000       2.1054
 262.000       1.3999
 263.000       1.5879
 264.000       1.7941
 265.000       1.2556
 266.000       0.9455
 267.000       1.0185
 268.000       1.1936
 269.000       1.2152
 270.000       1.5354
 271.000       1.1460
 272.000       1.0229
 273.000       1.0294
 274.000       1.0832
 275.000       1.2722
 276.000       1.6366
 277.000       2.1750
 278.000       2.8855
 279.000       1.7998
 280.000       1.2659
 281.000       1.5923
 282.000       0.9044
 283.000       1.1251
 284.000       1.1221
 285.000       0.7288
 286.000       0.6299
 287.000       0.5768
 288.000       0.5641
 289.000       0.5474
 290.000       0.4804
 291.000       0.4220
 292.000       0.4482
 293.000       0.4870
 294.000       0.5461
 295.000       0.7357
 296.000       0.9957
 297.000       1.1586
 298.000       1.0223
 299.000       0.7919
 300.000       0.5450
 301.000       0.4499
 302.000       0.5093
 303.000       0.4612
 304.000       0.4804
 305.000       0.5675
 306.000       0.5383
 307.000       0.5669
 308.000       0.6051
 309.000       0.5945
 310.000       0.5976
 311.000       0.6291
 312.000       0.7495
 313.000       0.9878
 314.000       1.2396
 315.000       2.7227
 316.000       3.4246
 317.000       4.1495
 318.000       4.3593
 319.000       4.5599
 320.000       3.9421
 321.000       3.1303
 322.000       1.9509
 323.000       1.4658
 324.000       0.9903
 325.000       0.7628
 326.000       0.7007
 327.000       0.6260
 328.000       0.6026
 329.000       0.5960
 330.000       0.6377
 331.000       0.6736
 332.000       0.8532
 333.000       1.5224
 334.000       1.2968
 335.000       0.9556
 336.000       0.7259
 337.000       0.5322
 338.000       0.5236
 339.000       0.5161
 340.000       0.5109
 341.000       0.5630
 342.000       0.5371
 343.000       0.4800
 344.000       0.5071
 345.000       0.5878
 346.000       0.4328
 347.000       0.4196
 348.000       0.4306
 349.000       0.4401
 350.000       0.4390
 351.000       0.4930
 352.000       0.5183
 353.000       0.6530
 354.000       0.5327
 355.000       0.4924
 356.000       0.4266
 357.000       0.4259
 358.000       0.4669
 359.000       0.4087
 360.000       0.4282
 361.000       0.5189
 362.000       0.4951
 363.000       0.5555
 364.000       0.5613
 365.000       0.5464
 366.000       0.6129
 367.000       0.8482
 368.000       1.1558
 369.000       1.7083
 370.000       1.4353
 371.000       1.2138
 372.000       1.0335
 373.000       0.6686
 374.000       0.5459
 375.000       0.6374
 376.000       0.7672
 377.000       0.7509
 378.000       0.7185
 379.000       0.7875
 380.000       1.0640
 381.000       1.0962
 382.000       1.4102
 383.000       1.7835
 384.000       1.3978
 385.000       1.6799
 386.000       1.1708
 387.000       0.8906
 388.000       0.9811
 389.000       1.6439
 390.000       2.3660
