#Res        AtomicFlx
   1.000       6.4326
   2.000       4.9658
   3.000       3.1890
   4.000       2.1504
   5.000       1.4691
   6.000       0.9663
   7.000       0.7364
   8.000       0.8294
   9.000       0.6999
  10.000       0.6155
  11.000       0.5592
  12.000       0.6360
  13.000       0.7979
  14.000       0.9884
  15.000       1.1375
  16.000       1.2690
  17.000       0.9679
  18.000       0.8485
  19.000       0.6033
  20.000       0.5463
  21.000       0.5506
  22.000       0.5998
  23.000       0.6067
  24.000       0.6759
  25.000       0.6891
  26.000       0.8095
  27.000       0.9573
  28.000       1.0393
  29.000       0.9446
  30.000       0.7962
  31.000       0.7768
  32.000       0.6537
  33.000       0.5807
  34.000       0.5426
  35.000       0.5313
  36.000       0.5156
  37.000       0.4734
  38.000       0.5235
  39.000       0.6169
  40.000       0.6415
  41.000       0.5529
  42.000       0.5456
  43.000       0.5272
  44.000       0.5711
  45.000       0.6047
  46.000       0.6918
  47.000       0.8239
  48.000       1.0972
  49.000       1.2355
  50.000       1.1575
  51.000       1.2930
  52.000       1.1945
  53.000       0.9913
  54.000       1.1133
  55.000       0.9709
  56.000       0.8521
  57.000       0.7555
  58.000       1.0875
  59.000       1.0251
  60.000       1.5464
  61.000       1.2298
  62.000       0.9057
  63.000       0.9934
  64.000       0.8942
  65.000       0.7980
  66.000       0.8747
  67.000       0.9310
  68.000       0.9705
  69.000       1.1682
  70.000       1.0140
  71.000       0.9231
  72.000       0.8339
  73.000       0.9732
  74.000       1.0478
  75.000       1.3720
  76.000       1.7714
  77.000       2.6483
  78.000       2.1222
  79.000       1.4969
  80.000       1.1138
  81.000       0.8804
  82.000       0.8370
  83.000       0.7833
  84.000       0.7612
  85.000       0.7250
  86.000       0.7366
  87.000       0.6919
  88.000       0.6833
  89.000       0.6976
  90.000       0.6736
  91.000       0.7794
  92.000       0.8307
  93.000       0.8005
  94.000       0.8853
  95.000       1.2881
  96.000       1.4886
  97.000       1.2688
  98.000       0.8929
  99.000       0.8860
 100.000       0.8163
 101.000       0.7116
 102.000       0.6857
 103.000       0.6215
 104.000       0.6051
 105.000       0.6271
 106.000       0.6589
 107.000       0.6966
 108.000       0.9022
 109.000       0.9592
 110.000       0.9769
 111.000       1.1591
 112.000       1.2004
 113.000       0.9890
 114.000       0.9275
 115.000       1.0931
 116.000       1.1850
 117.000       1.2537
 118.000       1.0172
 119.000       0.8674
 120.000       0.6901
 121.000       0.6751
 122.000       0.6118
 123.000       0.5345
 124.000       0.5125
 125.000       0.4958
 126.000       0.4812
 127.000       0.5740
 128.000       0.5581
 129.000       0.6956
 130.000       0.7548
 131.000       0.7273
 132.000       0.6970
 133.000       0.7776
 134.000       0.9891
 135.000       1.0556
 136.000       1.3354
 137.000       1.3645
 138.000       0.9807
 139.000       0.9631
 140.000       0.7020
 141.000       0.6137
 142.000       0.5710
 143.000       0.6104
 144.000       0.6003
 145.000       0.5706
 146.000       0.5996
 147.000       0.7648
 148.000       0.7926
 149.000       0.7679
 150.000       0.9110
 151.000       0.7038
 152.000       0.6665
 153.000       0.5368
 154.000       0.5391
 155.000       0.4920
 156.000       0.4837
 157.000       0.5009
 158.000       0.6157
 159.000       0.5861
 160.000       0.7687
 161.000       1.9184
 162.000       2.1665
 163.000       2.6461
 164.000       2.4743
 165.000       2.3471
 166.000       2.4678
 167.000       2.8284
 168.000       2.7693
 169.000       2.8165
 170.000       2.3926
 171.000       1.9390
 172.000       2.1074
 173.000       2.0483
 174.000       1.6920
 175.000       1.2235
 176.000       0.7659
 177.000       0.6638
 178.000       0.5620
 179.000       0.5681
 180.000       0.5609
 181.000       0.6666
 182.000       0.6985
 183.000       0.7976
 184.000       0.7198
 185.000       0.8381
 186.000       0.8804
 187.000       0.9177
 188.000       0.6911
 189.000       0.5893
 190.000       0.7248
 191.000       0.9296
 192.000       0.9800
 193.000       0.6443
 194.000       0.4620
 195.000       0.4643
 196.000       0.4943
 197.000       0.5035
 198.000       0.5354
 199.000       0.7201
 200.000       0.7060
 201.000       0.6457
 202.000       0.5393
 203.000       0.5305
 204.000       0.4991
 205.000       0.6494
 206.000       0.6095
 207.000       0.5342
 208.000       0.5190
 209.000       0.5863
 210.000       0.7771
 211.000       0.6898
 212.000       0.5861
 213.000       0.5823
 214.000       0.7822
 215.000       0.8323
 216.000       0.8172
 217.000       0.7840
 218.000       0.7870
 219.000       0.9302
 220.000       0.8264
 221.000       0.8747
 222.000       0.7525
 223.000       0.6988
 224.000       0.6781
 225.000       0.6296
 226.000       0.6294
 227.000       0.9226
 228.000       0.8377
 229.000       0.7746
 230.000       0.5637
 231.000       0.5938
 232.000       0.5660
 233.000       0.6207
 234.000       0.6756
 235.000       0.7747
 236.000       0.7002
 237.000       0.7150
 238.000       0.6286
 239.000       0.5820
 240.000       0.6085
 241.000       0.6396
 242.000       0.7218
 243.000       0.8228
 244.000       0.8464
 245.000       0.6782
 246.000       0.6497
 247.000       0.7617
 248.000       0.7427
 249.000       0.6710
 250.000       0.7077
 251.000       0.7648
 252.000       0.7438
 253.000       0.7428
 254.000       0.8909
 255.000       0.9757
 256.000       1.0138
 257.000       1.1811
 258.000       2.0218
 259.000       2.1069
 260.000       1.6366
 261.000       1.8255
 262.000       1.3086
 263.000       1.5083
 264.000       1.7004
 265.000       1.2017
 266.000       0.9201
 267.000       0.9066
 268.000       1.0934
 269.000       1.1950
 270.000       1.5103
 271.000       1.1631
 272.000       1.1112
 273.000       1.1261
 274.000       1.2740
 275.000       1.5110
 276.000       2.0630
 277.000       3.0462
 278.000       3.7461
 279.000       2.2776
 280.000       1.6022
 281.000       1.5816
 282.000       0.9277
 283.000       1.2301
 284.000       1.0355
 285.000       0.7246
 286.000       0.6438
 287.000       0.6080
 288.000       0.5686
 289.000       0.5330
 290.000       0.5023
 291.000       0.4571
 292.000       0.4717
 293.000       0.5455
 294.000       0.6112
 295.000       0.7961
 296.000       1.0703
 297.000       1.2419
 298.000       1.1042
 299.000       0.8886
 300.000       0.6253
 301.000       0.5166
 302.000       0.5747
 303.000       0.5320
 304.000       0.5091
 305.000       0.6451
 306.000       0.6195
 307.000       0.6219
 308.000       0.6601
 309.000       0.6465
 310.000       0.6435
 311.000       0.7470
 312.000       0.9525
 313.000       1.2592
 314.000       1.4769
 315.000       2.3642
 316.000       3.5380
 317.000       4.6641
 318.000       4.9245
 319.000       4.4357
 320.000       3.5094
 321.000       2.5289
 322.000       1.8570
 323.000       1.6082
 324.000       1.2570
 325.000       1.0532
 326.000       0.9168
 327.000       0.7233
 328.000       0.6798
 329.000       0.6488
 330.000       0.6829
 331.000       0.7227
 332.000       0.9504
 333.000       1.5235
 334.000       1.4587
 335.000       1.1188
 336.000       0.8301
 337.000       0.6400
 338.000       0.6203
 339.000       0.6258
 340.000       0.6333
 341.000       0.6702
 342.000       0.6114
 343.000       0.5451
 344.000       0.5705
 345.000       0.9563
 346.000       0.5346
 347.000       0.4490
 348.000       0.4421
 349.000       0.4538
 350.000       0.4575
 351.000       0.5090
 352.000       0.5402
 353.000       0.6698
 354.000       0.5490
 355.000       0.5236
 356.000       0.4582
 357.000       0.4525
 358.000       0.5028
 359.000       0.4242
 360.000       0.4483
 361.000       0.5406
 362.000       0.5731
 363.000       0.6691
 364.000       0.6451
 365.000       0.7730
 366.000       0.8867
 367.000       1.4141
 368.000       1.1869
 369.000       1.7299
 370.000       1.7419
 371.000       1.3811
 372.000       1.1869
 373.000       0.9942
 374.000       0.6975
 375.000       0.7182
 376.000       0.8524
 377.000       0.8362
 378.000       0.8383
 379.000       0.9000
 380.000       1.1700
 381.000       1.1619
 382.000       1.4156
 383.000       1.6814
 384.000       1.2577
 385.000       1.5602
 386.000       1.2030
 387.000       0.9570
 388.000       1.3099
 389.000       2.5847
 390.000       3.1621
