#Res        AtomicFlx
   1.000       5.4121
   2.000       3.2975
   3.000       1.8117
   4.000       1.3312
   5.000       0.8920
   6.000       0.9213
   7.000       0.8555
   8.000       0.9288
   9.000       1.0729
  10.000       0.9656
  11.000       0.9670
  12.000       0.9054
  13.000       0.7610
  14.000       0.7258
  15.000       0.7132
  16.000       0.5566
  17.000       0.4999
  18.000       0.4981
  19.000       0.5538
  20.000       0.4851
  21.000       0.6049
  22.000       0.7260
  23.000       1.1307
  24.000       1.2131
  25.000       0.8287
  26.000       0.5956
  27.000       0.4610
  28.000       0.4095
  29.000       0.4553
  30.000       0.4100
  31.000       0.4683
  32.000       0.5760
  33.000       0.7783
  34.000       0.7469
  35.000       0.6155
  36.000       0.4686
  37.000       0.4421
  38.000       0.3826
  39.000       0.3995
  40.000       0.4744
  41.000       0.6064
  42.000       0.5896
  43.000       0.7540
  44.000       0.9147
  45.000       1.4671
  46.000       2.4148
  47.000       2.7594
  48.000       2.0887
  49.000       0.9638
  50.000       0.9535
  51.000       1.0769
  52.000       0.9699
  53.000       1.1514
  54.000       0.8765
  55.000       1.0812
  56.000       1.0544
  57.000       0.9705
  58.000       0.9453
  59.000       1.1152
  60.000       1.1689
  61.000       1.0549
  62.000       1.2256
  63.000       1.1301
  64.000       1.2549
  65.000       0.9552
  66.000       0.7555
  67.000       0.7676
  68.000       0.6238
  69.000       0.7388
  70.000       0.7649
  71.000       1.1360
  72.000       1.4653
  73.000       1.1040
  74.000       0.9672
  75.000       0.8101
  76.000       0.8811
  77.000       0.7735
  78.000       0.8798
  79.000       0.8438
  80.000       0.7522
  81.000       0.7629
  82.000       0.6777
  83.000       0.9206
  84.000       0.6682
  85.000       0.5189
  86.000       0.5090
  87.000       0.4956
  88.000       0.5687
  89.000       0.5816
  90.000       0.6945
  91.000       0.7322
  92.000       0.9803
  93.000       1.0121
  94.000       0.8577
  95.000       0.7111
  96.000       0.9419
  97.000       0.9961
  98.000       0.7575
  99.000       0.7963
 100.000       0.8505
 101.000       0.7688
 102.000       0.8328
 103.000       0.8244
 104.000       0.8432
 105.000       0.6998
 106.000       0.7586
 107.000       0.7693
 108.000       0.7659
 109.000       0.7760
 110.000       0.6832
 111.000       0.6752
 112.000       0.7162
 113.000       0.7469
 114.000       0.6730
 115.000       0.5961
 116.000       0.6723
 117.000       0.6066
 118.000       0.7212
 119.000       1.0829
 120.000       0.7585
 121.000       0.9718
 122.000       0.8897
 123.000       0.8651
 124.000       1.0522
 125.000       0.8065
 126.000       1.1379
 127.000       0.9320
 128.000       0.7595
 129.000       0.7159
 130.000       0.7097
 131.000       0.7117
 132.000       0.7181
 133.000       0.7279
 134.000       0.6804
 135.000       0.6924
 136.000       0.6966
 137.000       0.8666
 138.000       1.2141
 139.000       1.3265
 140.000       1.0239
 141.000       1.1890
 142.000       1.1972
 143.000       0.8951
 144.000       0.6181
 145.000       0.4771
 146.000       0.4364
 147.000       0.4642
 148.000       0.5040
 149.000       0.5795
 150.000       0.6931
 151.000       0.9420
 152.000       1.0638
 153.000       1.4634
 154.000       1.5846
 155.000       1.4179
 156.000       1.0070
 157.000       0.7714
 158.000       0.7843
 159.000       0.6108
 160.000       0.6387
 161.000       0.5032
 162.000       0.4388
 163.000       0.4406
 164.000       0.4658
 165.000       0.5418
 166.000       0.6664
 167.000       0.7757
 168.000       1.1660
 169.000       1.4231
 170.000       1.1967
 171.000       0.7848
 172.000       0.6388
 173.000       0.5641
 174.000       0.5285
 175.000       0.4797
 176.000       0.5740
 177.000       0.6074
 178.000       0.7057
 179.000       0.5873
 180.000       0.6116
 181.000       0.5677
 182.000       0.5999
 183.000       0.7244
 184.000       0.7897
 185.000       0.6633
 186.000       0.6399
 187.000       0.5462
 188.000       0.6509
 189.000       0.8045
 190.000       0.8723
 191.000       1.0706
 192.000       0.8524
 193.000       0.8922
 194.000       0.9564
 195.000       1.0425
 196.000       1.1285
 197.000       0.9231
 198.000       0.7339
 199.000       0.6193
 200.000       0.5611
 201.000       0.4664
 202.000       0.4961
 203.000       0.4641
 204.000       0.3912
 205.000       0.3554
 206.000       0.4450
 207.000       0.4859
 208.000       0.4263
 209.000       0.5007
 210.000       0.5883
 211.000       0.6464
 212.000       0.7195
 213.000       0.8100
 214.000       0.9287
 215.000       1.1322
 216.000       1.0411
 217.000       0.9559
 218.000       0.9778
 219.000       0.8171
 220.000       0.7779
 221.000       0.9758
 222.000       1.9277
 223.000       1.4183
 224.000       1.6299
 225.000       1.1084
 226.000       1.1090
 227.000       1.0640
 228.000       1.2382
 229.000       1.1285
 230.000       0.8559
 231.000       0.9077
 232.000       1.0618
 233.000       0.9329
 234.000       0.8118
 235.000       1.0133
 236.000       1.0917
 237.000       0.9142
 238.000       0.8662
 239.000       0.6467
 240.000       0.6784
 241.000       0.7745
 242.000       0.8427
 243.000       1.0751
 244.000       1.1475
 245.000       1.1566
 246.000       0.9949
 247.000       0.9783
 248.000       1.0953
 249.000       0.9625
 250.000       0.7766
 251.000       0.9946
 252.000       1.0245
 253.000       0.7943
 254.000       0.8424
 255.000       1.0600
 256.000       0.9898
 257.000       0.9192
 258.000       1.0513
 259.000       0.8709
 260.000       0.9027
 261.000       0.7616
 262.000       0.8099
 263.000       0.7810
 264.000       0.5815
 265.000       0.5899
 266.000       0.7235
 267.000       0.6617
 268.000       0.5460
 269.000       0.7257
 270.000       0.9251
 271.000       0.8943
 272.000       0.8918
 273.000       1.1218
 274.000       1.3888
 275.000       1.2788
 276.000       1.2819
 277.000       1.6619
 278.000       1.8348
 279.000       1.2986
 280.000       1.0777
 281.000       0.8526
 282.000       0.9602
 283.000       1.2937
 284.000       1.1313
 285.000       1.1370
 286.000       0.9240
 287.000       0.7027
 288.000       0.6975
 289.000       0.5622
 290.000       0.7487
 291.000       0.5921
 292.000       0.5668
 293.000       0.6164
 294.000       0.7433
 295.000       0.6697
 296.000       0.6927
 297.000       0.8690
 298.000       0.9374
 299.000       0.9337
 300.000       0.9664
 301.000       1.4703
 302.000       1.6093
 303.000       1.6784
 304.000       1.3427
 305.000       1.7573
 306.000       1.9284
