#Res        AtomicFlx
   1.000       1.5419
   2.000       0.9644
   3.000       0.8206
   4.000       0.6546
   5.000       0.7800
   6.000       0.7282
   7.000       0.5565
   8.000       0.5686
   9.000       0.5645
  10.000       0.4961
  11.000       0.4680
  12.000       0.5415
  13.000       0.7347
  14.000       0.7970
  15.000       0.9043
  16.000       0.8995
  17.000       0.8294
  18.000       0.7834
  19.000       0.5174
  20.000       0.4821
  21.000       0.5277
  22.000       0.5511
  23.000       0.5489
  24.000       0.5943
  25.000       0.5909
  26.000       0.6992
  27.000       0.8475
  28.000       0.9413
  29.000       0.8367
  30.000       0.6814
  31.000       0.6547
  32.000       0.5459
  33.000       0.5023
  34.000       0.4582
  35.000       0.4704
  36.000       0.4928
  37.000       0.4629
  38.000       0.4848
  39.000       0.5787
  40.000       0.6676
  41.000       0.5474
  42.000       0.5356
  43.000       0.4847
  44.000       0.5225
  45.000       0.5445
  46.000       0.6325
  47.000       0.7578
  48.000       1.1471
  49.000       1.4407
  50.000       1.4216
  51.000       1.5648
  52.000       1.4819
  53.000       1.0949
  54.000       1.3273
  55.000       0.9768
  56.000       0.7845
  57.000       0.6810
  58.000       0.8422
  59.000       0.8819
  60.000       1.2248
  61.000       1.0404
  62.000       0.7709
  63.000       0.8616
  64.000       0.7725
  65.000       0.6858
  66.000       0.7705
  67.000       0.8399
  68.000       0.9084
  69.000       1.1236
  70.000       0.9598
  71.000       0.8684
  72.000       0.8133
  73.000       0.9744
  74.000       1.0602
  75.000       1.4470
  76.000       1.9549
  77.000       2.9002
  78.000       2.4774
  79.000       1.6377
  80.000       1.1375
  81.000       0.8569
  82.000       0.7925
  83.000       0.7241
  84.000       0.6799
  85.000       0.6421
  86.000       0.6539
  87.000       0.6150
  88.000       0.5923
  89.000       0.6147
  90.000       0.6231
  91.000       0.6711
  92.000       0.6070
  93.000       0.6964
  94.000       0.6127
  95.000       0.7631
  96.000       0.9030
  97.000       1.0382
  98.000       0.8032
  99.000       0.7427
 100.000       0.7223
 101.000       0.6517
 102.000       0.6682
 103.000       0.5639
 104.000       0.5357
 105.000       0.5559
 106.000       0.5752
 107.000       0.6272
 108.000       0.8461
 109.000       0.9007
 110.000       0.9233
 111.000       1.1253
 112.000       1.1480
 113.000       0.9546
 114.000       0.9335
 115.000       1.2663
 116.000       1.7549
 117.000       2.1077
 118.000       1.9943
 119.000       0.8935
 120.000       0.6213
 121.000       0.6164
 122.000       0.5340
 123.000       0.4603
 124.000       0.4450
 125.000       0.6339
 126.000       0.4887
 127.000       0.5640
 128.000       0.5480
 129.000       0.6846
 130.000       0.7417
 131.000       0.7169
 132.000       0.6677
 133.000       0.7302
 134.000       0.8872
 135.000       0.9234
 136.000       1.1033
 137.000       1.2411
 138.000       0.9898
 139.000       0.9912
 140.000       0.7021
 141.000       0.6059
 142.000       0.5732
 143.000       0.5986
 144.000       0.5814
 145.000       0.5766
 146.000       0.6035
 147.000       0.7484
 148.000       0.7986
 149.000       0.7751
 150.000       0.9406
 151.000       0.7470
 152.000       0.6721
 153.000       0.5142
 154.000       0.5133
 155.000       0.4581
 156.000       0.4281
 157.000       0.4422
 158.000       0.5084
 159.000       0.4934
 160.000       0.6186
 161.000       1.4840
 162.000       1.3867
 163.000       1.8774
 164.000       1.5667
 165.000       1.6572
 166.000       1.8041
 167.000       1.8746
 168.000       1.8803
 169.000       1.8519
 170.000       1.5702
 171.000       1.4895
 172.000       1.6879
 173.000       1.6282
 174.000       1.1155
 175.000       0.7944
 176.000       0.5991
 177.000       0.5423
 178.000       0.4570
 179.000       0.4675
 180.000       0.4744
 181.000       0.5907
 182.000       0.5977
 183.000       0.6402
 184.000       0.5478
 185.000       0.5667
 186.000       0.6693
 187.000       0.6717
 188.000       0.5179
 189.000       0.4904
 190.000       0.6323
 191.000       0.8416
 192.000       0.9595
 193.000       0.5978
 194.000       0.4149
 195.000       0.4201
 196.000       0.4384
 197.000       0.4682
 198.000       0.4847
 199.000       0.6046
 200.000       0.6134
 201.000       0.5962
 202.000       0.5200
 203.000       0.5000
 204.000       0.4611
 205.000       0.5540
 206.000       0.5296
 207.000       0.4904
 208.000       0.4812
 209.000       0.5244
 210.000       0.6935
 211.000       0.6509
 212.000       0.5844
 213.000       0.5701
 214.000       0.7684
 215.000       0.8230
 216.000       0.8299
 217.000       0.7793
 218.000       0.7711
 219.000       0.9282
 220.000       0.8814
 221.000       1.1295
 222.000       0.8947
 223.000       0.8627
 224.000       0.7007
 225.000       0.5686
 226.000       0.5909
 227.000       0.8124
 228.000       0.7157
 229.000       0.6659
 230.000       0.4847
 231.000       0.5014
 232.000       0.5060
 233.000       0.6326
 234.000       0.7374
 235.000       0.8378
 236.000       0.7746
 237.000       0.6465
 238.000       0.5367
 239.000       0.5088
 240.000       0.5067
 241.000       0.5535
 242.000       0.6466
 243.000       0.7741
 244.000       0.8112
 245.000       0.6420
 246.000       0.6073
 247.000       0.7294
 248.000       0.7088
 249.000       0.6416
 250.000       0.6650
 251.000       0.7144
 252.000       0.7083
 253.000       0.6989
 254.000       0.7903
 255.000       0.8699
 256.000       1.0184
 257.000       1.1608
 258.000       2.2944
 259.000       1.8161
 260.000       2.4450
 261.000       1.4900
 262.000       1.1844
 263.000       1.3483
 264.000       1.5514
 265.000       1.3012
 266.000       0.9723
 267.000       1.1483
 268.000       1.3553
 269.000       1.3983
 270.000       1.6645
 271.000       1.2372
 272.000       1.0312
 273.000       0.9840
 274.000       0.9924
 275.000       1.2953
 276.000       2.4240
 277.000       4.2607
 278.000       4.5656
 279.000       3.2339
 280.000       1.8922
 281.000       1.5809
 282.000       0.8556
 283.000       0.9942
 284.000       0.9071
 285.000       0.6434
 286.000       0.5877
 287.000       0.5496
 288.000       0.5363
 289.000       0.5138
 290.000       0.4683
 291.000       0.4165
 292.000       0.4444
 293.000       0.5068
 294.000       0.5517
 295.000       0.7176
 296.000       0.9242
 297.000       1.0789
 298.000       0.9255
 299.000       0.7279
 300.000       0.5251
 301.000       0.4532
 302.000       0.5198
 303.000       0.4590
 304.000       0.4588
 305.000       0.5190
 306.000       0.5083
 307.000       0.5058
 308.000       0.5421
 309.000       0.5223
 310.000       0.5390
 311.000       0.5801
 312.000       0.7434
 313.000       0.8771
 314.000       1.0928
 315.000       1.8939
 316.000       2.7236
 317.000       3.4869
 318.000       3.8722
 319.000       3.8859
 320.000       2.7846
 321.000       2.4251
 322.000       1.6136
 323.000       1.4604
 324.000       0.9745
 325.000       0.7372
 326.000       0.7244
 327.000       0.6131
 328.000       0.5687
 329.000       0.5720
 330.000       0.5993
 331.000       0.6348
 332.000       0.7727
 333.000       1.3882
 334.000       1.1547
 335.000       0.7702
 336.000       0.6407
 337.000       0.5322
 338.000       0.5562
 339.000       0.5608
 340.000       0.5267
 341.000       0.5430
 342.000       0.5018
 343.000       0.4904
 344.000       0.5322
 345.000       0.5524
 346.000       0.4142
 347.000       0.3932
 348.000       0.4027
 349.000       0.4189
 350.000       0.4279
 351.000       0.4842
 352.000       0.5153
 353.000       0.6386
 354.000       0.5247
 355.000       0.4960
 356.000       0.4268
 357.000       0.4179
 358.000       0.4630
 359.000       0.3934
 360.000       0.4036
 361.000       0.4548
 362.000       0.4481
 363.000       0.5385
 364.000       0.5611
 365.000       0.5406
 366.000       0.5698
 367.000       0.8184
 368.000       1.1080
 369.000       1.7163
 370.000       1.5862
 371.000       1.3316
 372.000       1.0427
 373.000       0.6224
 374.000       0.5307
 375.000       0.6416
 376.000       0.7499
 377.000       0.7281
 378.000       0.6967
 379.000       0.7496
 380.000       1.0180
 381.000       1.0007
 382.000       1.5569
 383.000       1.7408
 384.000       1.9390
 385.000       2.0141
 386.000       1.4431
 387.000       0.9977
 388.000       1.7036
 389.000       2.5465
 390.000       2.9892
