#Res        AtomicFlx
   1.000       5.2303
   2.000       2.5207
   3.000       1.0931
   4.000       1.3725
   5.000       0.9402
   6.000       0.9109
   7.000       0.7918
   8.000       0.8134
   9.000       0.9547
  10.000       0.8266
  11.000       0.9844
  12.000       1.0482
  13.000       0.7419
  14.000       0.6968
  15.000       0.7688
  16.000       0.5930
  17.000       0.5130
  18.000       0.4798
  19.000       0.5226
  20.000       0.4940
  21.000       0.6548
  22.000       0.8054
  23.000       1.3409
  24.000       1.3598
  25.000       0.9233
  26.000       0.7312
  27.000       0.6479
  28.000       0.4673
  29.000       0.4669
  30.000       0.4453
  31.000       0.4963
  32.000       0.6243
  33.000       0.8174
  34.000       0.7605
  35.000       0.6232
  36.000       0.4669
  37.000       0.4424
  38.000       0.4537
  39.000       0.4299
  40.000       0.4719
  41.000       0.5940
  42.000       0.6784
  43.000       0.7976
  44.000       1.1558
  45.000       1.4404
  46.000       1.7660
  47.000       1.9806
  48.000       1.7794
  49.000       1.4267
  50.000       2.0295
  51.000       1.8685
  52.000       1.0526
  53.000       1.1159
  54.000       0.8280
  55.000       0.9340
  56.000       1.0436
  57.000       1.0169
  58.000       0.8229
  59.000       1.1553
  60.000       1.2989
  61.000       1.0784
  62.000       1.1798
  63.000       1.0391
  64.000       1.1414
  65.000       0.9435
  66.000       0.7621
  67.000       0.7895
  68.000       0.5913
  69.000       0.6935
  70.000       0.7319
  71.000       1.0483
  72.000       1.3604
  73.000       1.0922
  74.000       0.9117
  75.000       0.7591
  76.000       0.8295
  77.000       0.7348
  78.000       0.8171
  79.000       0.8541
  80.000       0.7463
  81.000       0.7413
  82.000       0.6631
  83.000       0.8647
  84.000       0.6445
  85.000       0.5278
  86.000       0.5235
  87.000       0.4948
  88.000       0.5387
  89.000       0.5609
  90.000       0.6855
  91.000       0.7125
  92.000       0.9687
  93.000       0.9730
  94.000       0.8945
  95.000       0.7418
  96.000       1.0126
  97.000       1.2020
  98.000       0.8702
  99.000       0.8599
 100.000       0.8512
 101.000       0.7317
 102.000       0.7069
 103.000       0.6667
 104.000       0.6544
 105.000       0.6457
 106.000       0.6347
 107.000       0.7741
 108.000       0.8199
 109.000       0.7356
 110.000       0.6382
 111.000       0.6093
 112.000       0.5783
 113.000       0.6126
 114.000       0.6188
 115.000       0.5416
 116.000       1.0076
 117.000       0.7451
 118.000       0.7289
 119.000       0.9875
 120.000       0.6739
 121.000       0.7468
 122.000       0.7813
 123.000       1.1709
 124.000       1.2348
 125.000       0.8098
 126.000       0.7348
 127.000       0.6892
 128.000       0.6934
 129.000       0.6740
 130.000       0.7480
 131.000       0.7168
 132.000       0.8169
 133.000       0.7412
 134.000       0.7077
 135.000       0.6407
 136.000       0.6831
 137.000       0.7704
 138.000       1.0412
 139.000       1.3250
 140.000       1.2622
 141.000       1.3011
 142.000       1.2490
 143.000       1.0107
 144.000       0.7525
 145.000       0.5239
 146.000       0.5118
 147.000       0.6728
 148.000       0.5489
 149.000       0.5650
 150.000       0.5477
 151.000       0.6130
 152.000       0.8590
 153.000       1.6312
 154.000       1.5201
 155.000       1.5663
 156.000       0.8982
 157.000       0.6745
 158.000       0.6035
 159.000       0.5370
 160.000       0.5270
 161.000       0.4913
 162.000       0.4697
 163.000       0.5165
 164.000       0.5256
 165.000       0.5944
 166.000       0.7271
 167.000       0.8187
 168.000       1.1111
 169.000       1.0877
 170.000       1.0788
 171.000       0.7848
 172.000       0.6860
 173.000       0.6123
 174.000       0.5640
 175.000       0.4817
 176.000       0.5334
 177.000       0.5608
 178.000       0.6534
 179.000       0.5672
 180.000       0.5803
 181.000       0.5681
 182.000       0.6090
 183.000       0.7620
 184.000       0.8510
 185.000       0.7277
 186.000       0.7252
 187.000       0.7534
 188.000       0.8451
 189.000       0.9784
 190.000       0.9744
 191.000       1.0854
 192.000       0.9146
 193.000       0.9500
 194.000       0.9949
 195.000       1.4925
 196.000       1.2767
 197.000       0.8781
 198.000       0.9328
 199.000       0.6924
 200.000       0.6641
 201.000       0.5791
 202.000       0.5331
 203.000       0.4857
 204.000       0.4371
 205.000       0.3963
 206.000       0.4448
 207.000       0.4728
 208.000       0.4506
 209.000       0.5015
 210.000       0.6131
 211.000       0.6671
 212.000       0.7058
 213.000       0.8426
 214.000       0.9571
 215.000       1.1046
 216.000       1.0618
 217.000       0.9245
 218.000       0.9733
 219.000       0.8643
 220.000       0.8472
 221.000       1.2812
 222.000       1.7321
 223.000       1.4163
 224.000       1.5962
 225.000       1.1799
 226.000       1.1314
 227.000       1.0612
 228.000       1.1621
 229.000       1.1245
 230.000       0.9102
 231.000       0.9470
 232.000       1.0887
 233.000       1.0101
 234.000       0.9194
 235.000       1.0832
 236.000       1.2081
 237.000       1.1319
 238.000       1.0994
 239.000       0.7813
 240.000       0.7800
 241.000       0.8367
 242.000       0.8232
 243.000       0.9658
 244.000       1.0248
 245.000       1.0198
 246.000       0.8119
 247.000       0.7975
 248.000       0.9059
 249.000       0.8000
 250.000       0.6882
 251.000       0.8723
 252.000       0.9408
 253.000       0.7478
 254.000       0.7660
 255.000       1.0051
 256.000       1.0090
 257.000       0.8703
 258.000       0.9817
 259.000       0.8005
 260.000       0.8155
 261.000       0.7114
 262.000       0.7728
 263.000       0.7468
 264.000       0.6017
 265.000       0.6564
 266.000       0.7833
 267.000       0.7336
 268.000       0.6761
 269.000       0.8629
 270.000       1.0362
 271.000       0.9833
 272.000       0.9862
 273.000       1.3133
 274.000       1.4901
 275.000       1.3455
 276.000       1.2993
 277.000       1.6657
 278.000       1.8230
 279.000       1.3770
 280.000       1.2702
 281.000       1.1038
 282.000       1.2472
 283.000       1.5794
 284.000       1.3063
 285.000       1.1814
 286.000       0.9620
 287.000       0.7824
 288.000       0.8343
 289.000       0.5706
 290.000       0.6448
 291.000       0.5709
 292.000       0.5605
 293.000       0.5940
 294.000       0.6870
 295.000       0.6368
 296.000       0.6211
 297.000       0.7547
 298.000       0.7844
 299.000       0.6941
 300.000       0.8823
 301.000       1.1629
 302.000       1.1456
 303.000       1.1275
 304.000       1.2698
 305.000       1.4886
 306.000       2.3498
