#Res        AtomicFlx
   1.000       5.0919
   2.000       4.4933
   3.000       3.6274
   4.000       1.8840
   5.000       1.1448
   6.000       0.8609
   7.000       0.6317
   8.000       0.6917
   9.000       0.6096
  10.000       0.5086
  11.000       0.4848
  12.000       0.5824
  13.000       0.7554
  14.000       0.8377
  15.000       0.8853
  16.000       0.7835
  17.000       0.7106
  18.000       0.6832
  19.000       0.5465
  20.000       0.4824
  21.000       0.5191
  22.000       0.5495
  23.000       0.5438
  24.000       0.5806
  25.000       0.5985
  26.000       0.7115
  27.000       0.8381
  28.000       0.9382
  29.000       0.8288
  30.000       0.6796
  31.000       0.6478
  32.000       0.5579
  33.000       0.4939
  34.000       0.4546
  35.000       0.4606
  36.000       0.5008
  37.000       0.4294
  38.000       0.4622
  39.000       0.5268
  40.000       0.5863
  41.000       0.5050
  42.000       0.5076
  43.000       0.4970
  44.000       0.5513
  45.000       0.5533
  46.000       0.6426
  47.000       0.7741
  48.000       1.1057
  49.000       1.2743
  50.000       1.1915
  51.000       1.3011
  52.000       1.2240
  53.000       0.9819
  54.000       1.1136
  55.000       0.9000
  56.000       0.8029
  57.000       0.7357
  58.000       0.8477
  59.000       0.9217
  60.000       1.0775
  61.000       0.9584
  62.000       0.7829
  63.000       0.8566
  64.000       0.7707
  65.000       0.6967
  66.000       0.7974
  67.000       0.8827
  68.000       0.9281
  69.000       1.1280
  70.000       0.9968
  71.000       0.9155
  72.000       0.8245
  73.000       0.9385
  74.000       1.0135
  75.000       1.2199
  76.000       1.3235
  77.000       1.9674
  78.000       1.6723
  79.000       1.3430
  80.000       1.0183
  81.000       0.8328
  82.000       0.7834
  83.000       0.7318
  84.000       0.7254
  85.000       0.6650
  86.000       0.6757
  87.000       0.6203
  88.000       0.5924
  89.000       0.5988
  90.000       0.5999
  91.000       0.6606
  92.000       0.6130
  93.000       0.6834
  94.000       0.6305
  95.000       0.7922
  96.000       0.9115
  97.000       1.0462
  98.000       0.7656
  99.000       0.7239
 100.000       0.7118
 101.000       0.6397
 102.000       0.6498
 103.000       0.5812
 104.000       0.5539
 105.000       0.5847
 106.000       0.6057
 107.000       0.6323
 108.000       0.8585
 109.000       0.9047
 110.000       0.9059
 111.000       1.0953
 112.000       1.1447
 113.000       0.8664
 114.000       0.8777
 115.000       0.9965
 116.000       1.0877
 117.000       1.0742
 118.000       0.8593
 119.000       0.7481
 120.000       0.5654
 121.000       0.5926
 122.000       0.5163
 123.000       0.4580
 124.000       0.4572
 125.000       0.4448
 126.000       0.4437
 127.000       0.5337
 128.000       0.5163
 129.000       0.6353
 130.000       0.6818
 131.000       0.6687
 132.000       0.6347
 133.000       0.7163
 134.000       0.8574
 135.000       0.8914
 136.000       1.0227
 137.000       1.1397
 138.000       0.9580
 139.000       0.9044
 140.000       0.6662
 141.000       0.5853
 142.000       0.5517
 143.000       0.5851
 144.000       0.5652
 145.000       0.5481
 146.000       0.5813
 147.000       0.7143
 148.000       0.7284
 149.000       0.7266
 150.000       0.8894
 151.000       0.6991
 152.000       0.6570
 153.000       0.5190
 154.000       0.5218
 155.000       0.4806
 156.000       0.4558
 157.000       0.4729
 158.000       0.5585
 159.000       0.5296
 160.000       0.6173
 161.000       1.2855
 162.000       2.1742
 163.000       1.1578
 164.000       1.2724
 165.000       1.1607
 166.000       1.2726
 167.000       1.5465
 168.000       1.8883
 169.000       1.9565
 170.000       1.6028
 171.000       1.6366
 172.000       1.8304
 173.000       1.8858
 174.000       1.4674
 175.000       1.2389
 176.000       0.6739
 177.000       0.5885
 178.000       0.4947
 179.000       0.5037
 180.000       0.5142
 181.000       0.6129
 182.000       0.6165
 183.000       0.6739
 184.000       0.5933
 185.000       0.6635
 186.000       0.7644
 187.000       0.7877
 188.000       0.5675
 189.000       0.5196
 190.000       0.6491
 191.000       0.8578
 192.000       0.9399
 193.000       0.6119
 194.000       0.4282
 195.000       0.4260
 196.000       0.4267
 197.000       0.4588
 198.000       0.4737
 199.000       0.5445
 200.000       0.5609
 201.000       0.5728
 202.000       0.4869
 203.000       0.4537
 204.000       0.4154
 205.000       0.4230
 206.000       0.4490
 207.000       0.4395
 208.000       0.4666
 209.000       0.5474
 210.000       0.7193
 211.000       0.6645
 212.000       0.5695
 213.000       0.5635
 214.000       0.7725
 215.000       0.8167
 216.000       0.7894
 217.000       0.7674
 218.000       0.7639
 219.000       0.9267
 220.000       0.8348
 221.000       0.9629
 222.000       0.8092
 223.000       0.6503
 224.000       0.6278
 225.000       0.5372
 226.000       0.5204
 227.000       0.8310
 228.000       0.7432
 229.000       0.6130
 230.000       0.4569
 231.000       0.4478
 232.000       0.4723
 233.000       0.5302
 234.000       0.5314
 235.000       0.5425
 236.000       0.5069
 237.000       0.5335
 238.000       0.4688
 239.000       0.4440
 240.000       0.4544
 241.000       0.5061
 242.000       0.5919
 243.000       0.7292
 244.000       0.7945
 245.000       0.6156
 246.000       0.5820
 247.000       0.7048
 248.000       0.6826
 249.000       0.6220
 250.000       0.6350
 251.000       0.6848
 252.000       0.6829
 253.000       0.6718
 254.000       0.7826
 255.000       0.9298
 256.000       1.1716
 257.000       1.4304
 258.000       2.4588
 259.000       1.8651
 260.000       1.4908
 261.000       1.8777
 262.000       1.2839
 263.000       1.5275
 264.000       1.6663
 265.000       1.1389
 266.000       0.8165
 267.000       0.8012
 268.000       0.9881
 269.000       1.1546
 270.000       1.4872
 271.000       1.1000
 272.000       0.9700
 273.000       0.9657
 274.000       0.9512
 275.000       1.1611
 276.000       1.7095
 277.000       2.4014
 278.000       3.2224
 279.000       1.8389
 280.000       1.6218
 281.000       1.7594
 282.000       0.8574
 283.000       1.0569
 284.000       1.1542
 285.000       0.6198
 286.000       0.5663
 287.000       0.5905
 288.000       0.5825
 289.000       0.5328
 290.000       0.4770
 291.000       0.4178
 292.000       0.4479
 293.000       0.4946
 294.000       0.5518
 295.000       0.7338
 296.000       0.9430
 297.000       1.0825
 298.000       0.9594
 299.000       0.7673
 300.000       0.5341
 301.000       0.4421
 302.000       0.4992
 303.000       0.4471
 304.000       0.4926
 305.000       0.5304
 306.000       0.4895
 307.000       0.4955
 308.000       0.5564
 309.000       0.5275
 310.000       0.5401
 311.000       0.5630
 312.000       0.6694
 313.000       0.8372
 314.000       0.9842
 315.000       2.6681
 316.000       3.2183
 317.000       4.5635
 318.000       5.2995
 319.000       4.9097
 320.000       4.1792
 321.000       3.3919
 322.000       1.9980
 323.000       1.3203
 324.000       0.8766
 325.000       0.6891
 326.000       0.6116
 327.000       0.5369
 328.000       0.5327
 329.000       0.5274
 330.000       0.5456
 331.000       0.5676
 332.000       0.6433
 333.000       1.1263
 334.000       0.9367
 335.000       0.6824
 336.000       0.5321
 337.000       0.4757
 338.000       0.5077
 339.000       0.5140
 340.000       0.5079
 341.000       0.5559
 342.000       0.5093
 343.000       0.5039
 344.000       0.5066
 345.000       0.5532
 346.000       0.4183
 347.000       0.4052
 348.000       0.4246
 349.000       0.4397
 350.000       0.4414
 351.000       0.4940
 352.000       0.5196
 353.000       0.6511
 354.000       0.5317
 355.000       0.4895
 356.000       0.4289
 357.000       0.4249
 358.000       0.4719
 359.000       0.4061
 360.000       0.4170
 361.000       0.4597
 362.000       0.4588
 363.000       0.5589
 364.000       0.5877
 365.000       0.7210
 366.000       0.7002
 367.000       1.1352
 368.000       1.0872
 369.000       1.4196
 370.000       1.1949
 371.000       0.9969
 372.000       1.0625
 373.000       0.6967
 374.000       0.5551
 375.000       0.6355
 376.000       0.7406
 377.000       0.7288
 378.000       0.7096
 379.000       0.7664
 380.000       1.0574
 381.000       1.0858
 382.000       1.3191
 383.000       1.7448
 384.000       1.3611
 385.000       1.6605
 386.000       1.1155
 387.000       0.9118
 388.000       0.9615
 389.000       1.5106
 390.000       2.1302
