#Res        AtomicFlx
   1.000       4.9590
   2.000       4.0684
   3.000       2.9160
   4.000       1.0061
   5.000       0.9701
   6.000       0.7826
   7.000       0.6275
   8.000       0.7586
   9.000       0.6373
  10.000       0.5073
  11.000       0.4722
  12.000       0.5369
  13.000       0.7127
  14.000       0.8320
  15.000       0.9849
  16.000       1.0637
  17.000       0.8818
  18.000       0.7676
  19.000       0.5485
  20.000       0.4804
  21.000       0.5182
  22.000       0.5443
  23.000       0.5487
  24.000       0.5920
  25.000       0.5803
  26.000       0.6898
  27.000       0.8344
  28.000       0.9372
  29.000       0.8354
  30.000       0.6674
  31.000       0.6506
  32.000       0.5335
  33.000       0.4851
  34.000       0.4530
  35.000       0.4681
  36.000       0.4826
  37.000       0.4502
  38.000       0.5049
  39.000       0.6030
  40.000       0.6004
  41.000       0.5394
  42.000       0.5378
  43.000       0.4978
  44.000       0.5621
  45.000       0.5814
  46.000       0.6347
  47.000       0.7632
  48.000       1.0793
  49.000       1.2652
  50.000       1.2019
  51.000       1.2930
  52.000       1.2025
  53.000       0.9803
  54.000       1.1633
  55.000       0.9300
  56.000       0.8077
  57.000       0.6976
  58.000       0.9319
  59.000       0.9072
  60.000       1.5093
  61.000       1.1922
  62.000       0.7722
  63.000       0.8600
  64.000       0.7649
  65.000       0.6801
  66.000       0.7671
  67.000       0.8369
  68.000       0.8963
  69.000       1.1127
  70.000       0.9635
  71.000       0.8735
  72.000       0.8186
  73.000       0.9854
  74.000       1.0665
  75.000       1.4007
  76.000       1.7026
  77.000       2.3359
  78.000       2.0261
  79.000       1.3370
  80.000       1.0532
  81.000       0.8191
  82.000       0.7621
  83.000       0.7018
  84.000       0.6712
  85.000       0.6364
  86.000       0.6573
  87.000       0.6105
  88.000       0.5855
  89.000       0.5972
  90.000       0.6072
  91.000       0.6593
  92.000       0.6072
  93.000       0.6875
  94.000       0.5869
  95.000       0.6993
  96.000       0.8527
  97.000       1.0461
  98.000       0.7633
  99.000       0.7425
 100.000       0.7238
 101.000       0.6540
 102.000       0.6593
 103.000       0.5680
 104.000       0.5393
 105.000       0.5713
 106.000       0.5780
 107.000       0.6149
 108.000       0.7864
 109.000       0.8242
 110.000       0.8456
 111.000       0.9704
 112.000       1.0358
 113.000       0.9076
 114.000       0.8910
 115.000       1.1451
 116.000       1.1794
 117.000       1.1496
 118.000       0.9239
 119.000       0.7573
 120.000       0.5982
 121.000       0.6207
 122.000       0.5614
 123.000       0.4912
 124.000       0.4384
 125.000       0.4674
 126.000       0.4816
 127.000       0.5609
 128.000       0.5433
 129.000       0.6612
 130.000       0.7146
 131.000       0.6898
 132.000       0.6461
 133.000       0.7052
 134.000       0.8552
 135.000       0.8996
 136.000       1.0764
 137.000       1.1816
 138.000       0.9857
 139.000       0.9286
 140.000       0.6693
 141.000       0.5886
 142.000       0.5601
 143.000       0.5787
 144.000       0.5742
 145.000       0.5710
 146.000       0.5881
 147.000       0.7107
 148.000       0.7640
 149.000       0.7429
 150.000       0.8775
 151.000       0.7074
 152.000       0.6618
 153.000       0.5313
 154.000       0.5358
 155.000       0.4776
 156.000       0.4580
 157.000       0.4903
 158.000       0.5673
 159.000       0.5504
 160.000       0.6988
 161.000       1.7393
 162.000       1.6012
 163.000       2.1105
 164.000       1.7667
 165.000       1.7422
 166.000       1.7954
 167.000       1.9387
 168.000       1.9451
 169.000       2.0006
 170.000       1.6741
 171.000       1.5348
 172.000       1.7038
 173.000       1.7980
 174.000       1.1986
 175.000       0.8590
 176.000       0.6366
 177.000       0.5870
 178.000       0.5000
 179.000       0.4975
 180.000       0.4889
 181.000       0.5908
 182.000       0.6017
 183.000       0.6487
 184.000       0.5768
 185.000       0.6606
 186.000       0.7468
 187.000       0.7539
 188.000       0.5582
 189.000       0.5282
 190.000       0.7050
 191.000       0.9448
 192.000       0.9979
 193.000       0.6408
 194.000       0.4423
 195.000       0.4554
 196.000       0.4785
 197.000       0.4874
 198.000       0.5011
 199.000       0.6364
 200.000       0.6514
 201.000       0.6137
 202.000       0.5092
 203.000       0.4897
 204.000       0.4550
 205.000       0.5666
 206.000       0.5471
 207.000       0.5032
 208.000       0.4732
 209.000       0.5442
 210.000       0.7044
 211.000       0.6693
 212.000       0.5908
 213.000       0.5996
 214.000       0.8332
 215.000       0.8684
 216.000       0.8414
 217.000       0.7825
 218.000       0.7953
 219.000       0.9903
 220.000       0.8699
 221.000       0.9132
 222.000       0.7325
 223.000       0.6391
 224.000       0.6593
 225.000       0.6136
 226.000       0.6000
 227.000       0.9442
 228.000       0.7695
 229.000       0.7390
 230.000       0.4859
 231.000       0.5191
 232.000       0.5162
 233.000       0.5910
 234.000       0.6470
 235.000       0.7065
 236.000       0.5959
 237.000       0.6286
 238.000       0.5672
 239.000       0.5497
 240.000       0.5778
 241.000       0.6038
 242.000       0.6798
 243.000       0.7762
 244.000       0.8075
 245.000       0.6542
 246.000       0.6185
 247.000       0.7154
 248.000       0.7060
 249.000       0.6486
 250.000       0.6589
 251.000       0.7062
 252.000       0.7306
 253.000       0.7213
 254.000       0.8219
 255.000       0.9391
 256.000       1.0908
 257.000       1.2165
 258.000       2.2658
 259.000       1.6655
 260.000       1.4995
 261.000       2.1862
 262.000       1.4392
 263.000       1.5825
 264.000       1.6645
 265.000       1.1279
 266.000       0.8634
 267.000       0.8972
 268.000       1.0761
 269.000       1.1220
 270.000       1.3604
 271.000       1.0808
 272.000       0.9574
 273.000       1.0232
 274.000       1.0355
 275.000       1.2480
 276.000       1.8181
 277.000       3.6139
 278.000       4.6348
 279.000       3.1155
 280.000       1.6791
 281.000       1.7108
 282.000       1.0943
 283.000       1.0652
 284.000       0.9233
 285.000       0.6699
 286.000       0.6381
 287.000       0.6363
 288.000       0.6460
 289.000       0.5655
 290.000       0.4994
 291.000       0.4263
 292.000       0.4586
 293.000       0.5202
 294.000       0.5744
 295.000       0.7400
 296.000       1.0054
 297.000       1.1678
 298.000       1.0347
 299.000       0.8204
 300.000       0.5567
 301.000       0.4579
 302.000       0.5252
 303.000       0.4852
 304.000       0.5620
 305.000       0.6314
 306.000       0.5895
 307.000       0.6287
 308.000       0.6958
 309.000       0.6674
 310.000       0.6374
 311.000       0.6183
 312.000       0.6867
 313.000       0.9485
 314.000       1.3045
 315.000       2.9616
 316.000       3.2281
 317.000       4.0327
 318.000       4.1018
 319.000       4.4220
 320.000       4.8435
 321.000       4.0171
 322.000       2.4207
 323.000       1.2973
 324.000       0.9008
 325.000       0.7001
 326.000       0.6755
 327.000       0.6206
 328.000       0.5998
 329.000       0.6113
 330.000       0.6493
 331.000       0.6711
 332.000       0.9125
 333.000       1.6398
 334.000       1.5622
 335.000       1.1390
 336.000       0.8629
 337.000       0.6064
 338.000       0.5863
 339.000       0.5545
 340.000       0.5538
 341.000       0.5742
 342.000       0.5795
 343.000       0.5721
 344.000       0.6465
 345.000       0.7942
 346.000       0.4728
 347.000       0.4230
 348.000       0.4351
 349.000       0.4427
 350.000       0.4554
 351.000       0.5040
 352.000       0.5317
 353.000       0.6629
 354.000       0.5421
 355.000       0.5135
 356.000       0.4537
 357.000       0.4474
 358.000       0.4934
 359.000       0.4252
 360.000       0.4585
 361.000       0.5502
 362.000       0.4992
 363.000       0.5735
 364.000       0.5842
 365.000       0.6269
 366.000       0.6960
 367.000       0.8802
 368.000       1.1282
 369.000       1.4697
 370.000       1.2271
 371.000       1.1089
 372.000       1.2607
 373.000       0.8489
 374.000       0.5940
 375.000       0.6436
 376.000       0.7871
 377.000       0.7512
 378.000       0.7255
 379.000       0.7905
 380.000       1.0594
 381.000       1.0447
 382.000       1.1916
 383.000       1.3962
 384.000       1.1560
 385.000       1.4179
 386.000       1.0668
 387.000       0.8160
 388.000       0.9930
 389.000       2.2603
 390.000       2.8488
