#Res        AtomicFlx
   1.000       6.6822
   2.000       5.4437
   3.000       3.5548
   4.000       1.4289
   5.000       1.1946
   6.000       0.8465
   7.000       0.6354
   8.000       0.7629
   9.000       0.6450
  10.000       0.5469
  11.000       0.5018
  12.000       0.5904
  13.000       0.7299
  14.000       0.8085
  15.000       0.9677
  16.000       0.8918
  17.000       0.7673
  18.000       0.7058
  19.000       0.5527
  20.000       0.4949
  21.000       0.5147
  22.000       0.5503
  23.000       0.5551
  24.000       0.6133
  25.000       0.6155
  26.000       0.7364
  27.000       0.8826
  28.000       0.9836
  29.000       0.8698
  30.000       0.7087
  31.000       0.6701
  32.000       0.5515
  33.000       0.4932
  34.000       0.4542
  35.000       0.4471
  36.000       0.4781
  37.000       0.4091
  38.000       0.4464
  39.000       0.5008
  40.000       0.4899
  41.000       0.4926
  42.000       0.4782
  43.000       0.4661
  44.000       0.5177
  45.000       0.5277
  46.000       0.6206
  47.000       0.7718
  48.000       1.1266
  49.000       1.3115
  50.000       1.2276
  51.000       1.3457
  52.000       1.2780
  53.000       0.9908
  54.000       1.0936
  55.000       0.9048
  56.000       0.7890
  57.000       0.7056
  58.000       0.8529
  59.000       0.9128
  60.000       1.1466
  61.000       0.9976
  62.000       0.7916
  63.000       0.8926
  64.000       0.8047
  65.000       0.7116
  66.000       0.8019
  67.000       0.8669
  68.000       0.9519
  69.000       1.2825
  70.000       1.0657
  71.000       0.9190
  72.000       0.7828
  73.000       1.0184
  74.000       1.2086
  75.000       1.8600
  76.000       2.3107
  77.000       3.3087
  78.000       2.4032
  79.000       1.7340
  80.000       1.2832
  81.000       0.8078
  82.000       0.7763
  83.000       0.7163
  84.000       0.7111
  85.000       0.6607
  86.000       0.6705
  87.000       0.6391
  88.000       0.6179
  89.000       0.6499
  90.000       0.6510
  91.000       0.6985
  92.000       0.6388
  93.000       0.7207
  94.000       0.6722
  95.000       0.8846
  96.000       1.0736
  97.000       1.0939
  98.000       0.8010
  99.000       0.7767
 100.000       0.7448
 101.000       0.6698
 102.000       0.6863
 103.000       0.5773
 104.000       0.5396
 105.000       0.5500
 106.000       0.5823
 107.000       0.6081
 108.000       0.8494
 109.000       0.8838
 110.000       0.8819
 111.000       1.0459
 112.000       1.0798
 113.000       0.9379
 114.000       0.8742
 115.000       1.0100
 116.000       1.0905
 117.000       1.0972
 118.000       0.8919
 119.000       0.7611
 120.000       0.5726
 121.000       0.5851
 122.000       0.5031
 123.000       0.4415
 124.000       0.4342
 125.000       0.4277
 126.000       0.4540
 127.000       0.5378
 128.000       0.5253
 129.000       0.6495
 130.000       0.7229
 131.000       0.6734
 132.000       0.6218
 133.000       0.6767
 134.000       0.8151
 135.000       0.8678
 136.000       1.0171
 137.000       1.1250
 138.000       1.0028
 139.000       0.9048
 140.000       0.6535
 141.000       0.5879
 142.000       0.5508
 143.000       0.5839
 144.000       0.5759
 145.000       0.5650
 146.000       0.5975
 147.000       0.7433
 148.000       0.7824
 149.000       0.7636
 150.000       0.8797
 151.000       0.7421
 152.000       0.6726
 153.000       0.5105
 154.000       0.5086
 155.000       0.4628
 156.000       0.4341
 157.000       0.4518
 158.000       0.5217
 159.000       0.5022
 160.000       0.6114
 161.000       1.5609
 162.000       1.4037
 163.000       2.3694
 164.000       1.8831
 165.000       1.8599
 166.000       1.9386
 167.000       2.1081
 168.000       2.1052
 169.000       2.2361
 170.000       1.9547
 171.000       1.6910
 172.000       1.8588
 173.000       1.9469
 174.000       1.5559
 175.000       1.3826
 176.000       0.6744
 177.000       0.5726
 178.000       0.4805
 179.000       0.4948
 180.000       0.4983
 181.000       0.6090
 182.000       0.6223
 183.000       0.6715
 184.000       0.5967
 185.000       0.6456
 186.000       0.7305
 187.000       0.7456
 188.000       0.5456
 189.000       0.5023
 190.000       0.6361
 191.000       0.8605
 192.000       0.9447
 193.000       0.6019
 194.000       0.4280
 195.000       0.4208
 196.000       0.4211
 197.000       0.4547
 198.000       0.4724
 199.000       0.5382
 200.000       0.5792
 201.000       0.5877
 202.000       0.4932
 203.000       0.4621
 204.000       0.4311
 205.000       0.4474
 206.000       0.4836
 207.000       0.4620
 208.000       0.4669
 209.000       0.5224
 210.000       0.6710
 211.000       0.6489
 212.000       0.5852
 213.000       0.5918
 214.000       0.8144
 215.000       0.8402
 216.000       0.8238
 217.000       0.8163
 218.000       0.8323
 219.000       1.0342
 220.000       0.9538
 221.000       1.0432
 222.000       0.8118
 223.000       0.6663
 224.000       0.6956
 225.000       0.6096
 226.000       0.5557
 227.000       0.8608
 228.000       0.7663
 229.000       0.6119
 230.000       0.4686
 231.000       0.4422
 232.000       0.4478
 233.000       0.5057
 234.000       0.5633
 235.000       0.6006
 236.000       0.5472
 237.000       0.5927
 238.000       0.5455
 239.000       0.5114
 240.000       0.5530
 241.000       0.6109
 242.000       0.7073
 243.000       0.8124
 244.000       0.8658
 245.000       0.6969
 246.000       0.6461
 247.000       0.7575
 248.000       0.7455
 249.000       0.6670
 250.000       0.6742
 251.000       0.7415
 252.000       0.7288
 253.000       0.6885
 254.000       0.7929
 255.000       0.8955
 256.000       0.9507
 257.000       1.0200
 258.000       2.0415
 259.000       2.0640
 260.000       1.9087
 261.000       1.9945
 262.000       1.4389
 263.000       1.5529
 264.000       1.7508
 265.000       1.2993
 266.000       0.8916
 267.000       0.8803
 268.000       1.1146
 269.000       1.2071
 270.000       1.6011
 271.000       1.1583
 272.000       0.9769
 273.000       0.9533
 274.000       1.0063
 275.000       1.2864
 276.000       1.9522
 277.000       2.9169
 278.000       3.4528
 279.000       2.1326
 280.000       1.7313
 281.000       1.7012
 282.000       1.0026
 283.000       1.2353
 284.000       1.1380
 285.000       0.6745
 286.000       0.6314
 287.000       0.6398
 288.000       0.5824
 289.000       0.5331
 290.000       0.4833
 291.000       0.4212
 292.000       0.4453
 293.000       0.4774
 294.000       0.5379
 295.000       0.7337
 296.000       1.0048
 297.000       1.1655
 298.000       1.0430
 299.000       0.7703
 300.000       0.5312
 301.000       0.4423
 302.000       0.5303
 303.000       0.4789
 304.000       0.4932
 305.000       0.5872
 306.000       0.6315
 307.000       0.5736
 308.000       0.6539
 309.000       0.6912
 310.000       0.6211
 311.000       0.5986
 312.000       0.7914
 313.000       0.9531
 314.000       1.1447
 315.000       2.4588
 316.000       3.1074
 317.000       4.1332
 318.000       4.4936
 319.000       4.8767
 320.000       3.7427
 321.000       2.8563
 322.000       1.6979
 323.000       1.4294
 324.000       0.9837
 325.000       0.7731
 326.000       0.6904
 327.000       0.5967
 328.000       0.6374
 329.000       0.6189
 330.000       0.6673
 331.000       0.6988
 332.000       0.8292
 333.000       1.3806
 334.000       1.1734
 335.000       0.8788
 336.000       0.6916
 337.000       0.5399
 338.000       0.5166
 339.000       0.5086
 340.000       0.5234
 341.000       0.5686
 342.000       0.5181
 343.000       0.5044
 344.000       0.5190
 345.000       0.5469
 346.000       0.4160
 347.000       0.3948
 348.000       0.4074
 349.000       0.4202
 350.000       0.4281
 351.000       0.4795
 352.000       0.5049
 353.000       0.6293
 354.000       0.5164
 355.000       0.4819
 356.000       0.4189
 357.000       0.4167
 358.000       0.4647
 359.000       0.4010
 360.000       0.4135
 361.000       0.4489
 362.000       0.4402
 363.000       0.5345
 364.000       0.5312
 365.000       0.5298
 366.000       0.5673
 367.000       0.7947
 368.000       1.2340
 369.000       1.8843
 370.000       1.4854
 371.000       1.2959
 372.000       1.0460
 373.000       0.6430
 374.000       0.5409
 375.000       0.6435
 376.000       0.7725
 377.000       0.7413
 378.000       0.7171
 379.000       0.7827
 380.000       1.0665
 381.000       1.0806
 382.000       1.5089
 383.000       1.7643
 384.000       2.5377
 385.000       2.2692
 386.000       1.3596
 387.000       0.8817
 388.000       0.9843
 389.000       1.4481
 390.000       2.2593
