#Res        AtomicFlx
   1.000       5.0438
   2.000       2.6636
   3.000       1.4381
   4.000       2.0083
   5.000       1.3731
   6.000       1.0904
   7.000       0.8500
   8.000       0.8294
   9.000       0.9649
  10.000       0.8818
  11.000       0.9311
  12.000       0.9076
  13.000       0.6773
  14.000       0.6538
  15.000       0.7482
  16.000       0.6107
  17.000       0.5131
  18.000       0.5217
  19.000       0.5932
  20.000       0.5877
  21.000       0.7521
  22.000       0.8643
  23.000       1.4323
  24.000       1.5399
  25.000       1.0013
  26.000       0.8363
  27.000       0.5911
  28.000       0.4515
  29.000       0.4654
  30.000       0.4789
  31.000       0.5418
  32.000       0.6824
  33.000       0.8912
  34.000       0.8825
  35.000       0.7294
  36.000       0.5538
  37.000       0.5241
  38.000       0.4485
  39.000       0.4373
  40.000       0.5133
  41.000       0.5781
  42.000       0.6100
  43.000       0.6755
  44.000       0.9944
  45.000       1.5625
  46.000       2.0389
  47.000       2.2275
  48.000       1.8587
  49.000       2.0982
  50.000       2.4071
  51.000       2.0901
  52.000       2.4907
  53.000       1.8245
  54.000       1.3162
  55.000       1.6888
  56.000       1.4109
  57.000       1.0473
  58.000       0.9832
  59.000       1.2934
  60.000       1.3321
  61.000       1.1073
  62.000       1.1951
  63.000       1.0793
  64.000       1.2044
  65.000       1.0548
  66.000       0.8472
  67.000       0.8692
  68.000       0.7145
  69.000       0.7855
  70.000       0.8314
  71.000       1.2652
  72.000       1.5361
  73.000       1.2856
  74.000       1.0623
  75.000       0.9016
  76.000       1.0108
  77.000       0.9072
  78.000       1.0418
  79.000       0.9941
  80.000       0.8421
  81.000       0.8449
  82.000       0.7796
  83.000       0.9809
  84.000       0.7684
  85.000       0.6094
  86.000       0.5872
  87.000       0.5566
  88.000       0.6368
  89.000       0.6812
  90.000       0.8279
  91.000       0.8682
  92.000       1.0774
  93.000       1.0664
  94.000       0.9832
  95.000       0.8381
  96.000       1.0848
  97.000       1.1340
  98.000       0.9253
  99.000       0.9465
 100.000       1.0367
 101.000       0.9318
 102.000       0.9576
 103.000       0.8898
 104.000       0.9175
 105.000       0.9154
 106.000       0.9023
 107.000       0.9828
 108.000       0.8930
 109.000       0.9872
 110.000       0.9621
 111.000       0.9566
 112.000       0.8637
 113.000       0.7694
 114.000       0.6628
 115.000       0.6364
 116.000       0.7912
 117.000       0.6804
 118.000       0.7486
 119.000       0.9230
 120.000       0.7436
 121.000       0.8200
 122.000       0.8244
 123.000       1.0048
 124.000       1.0212
 125.000       0.8322
 126.000       1.0032
 127.000       0.9981
 128.000       0.9430
 129.000       0.8845
 130.000       0.8415
 131.000       0.8099
 132.000       0.8176
 133.000       0.8297
 134.000       0.7800
 135.000       0.7728
 136.000       0.8220
 137.000       1.0398
 138.000       1.0848
 139.000       1.2751
 140.000       0.9342
 141.000       1.2415
 142.000       1.3763
 143.000       1.0040
 144.000       0.6743
 145.000       0.5354
 146.000       0.4331
 147.000       0.4541
 148.000       0.4638
 149.000       0.5861
 150.000       0.6805
 151.000       0.9448
 152.000       1.0901
 153.000       1.5607
 154.000       1.6528
 155.000       1.5634
 156.000       1.1091
 157.000       0.8398
 158.000       0.8733
 159.000       0.6912
 160.000       0.7195
 161.000       0.5984
 162.000       0.5125
 163.000       0.5084
 164.000       0.5543
 165.000       0.6557
 166.000       0.8117
 167.000       1.0367
 168.000       1.5368
 169.000       1.7456
 170.000       1.6647
 171.000       0.9544
 172.000       0.6813
 173.000       0.6413
 174.000       0.5963
 175.000       0.5714
 176.000       0.6695
 177.000       0.6882
 178.000       0.8014
 179.000       0.6667
 180.000       0.7267
 181.000       0.6760
 182.000       0.7098
 183.000       0.8278
 184.000       0.9204
 185.000       0.7546
 186.000       0.7457
 187.000       0.7084
 188.000       0.9874
 189.000       1.1544
 190.000       1.1669
 191.000       1.3513
 192.000       1.0842
 193.000       1.1726
 194.000       1.1331
 195.000       1.1453
 196.000       1.0935
 197.000       0.9217
 198.000       0.7892
 199.000       0.6657
 200.000       0.6384
 201.000       0.5205
 202.000       0.5565
 203.000       0.5097
 204.000       0.4040
 205.000       0.4010
 206.000       0.4938
 207.000       0.4940
 208.000       0.4497
 209.000       0.5572
 210.000       0.6468
 211.000       0.6881
 212.000       0.7962
 213.000       0.9245
 214.000       1.0153
 215.000       1.1652
 216.000       1.0378
 217.000       1.0350
 218.000       1.1062
 219.000       0.9226
 220.000       0.9349
 221.000       1.3242
 222.000       2.1014
 223.000       1.5845
 224.000       1.9445
 225.000       1.2606
 226.000       1.2847
 227.000       1.1816
 228.000       1.3529
 229.000       1.2600
 230.000       0.9455
 231.000       0.9591
 232.000       1.1084
 233.000       0.9470
 234.000       0.8069
 235.000       0.9858
 236.000       1.0830
 237.000       0.9531
 238.000       0.9182
 239.000       0.6886
 240.000       0.7839
 241.000       0.8642
 242.000       0.9553
 243.000       1.2001
 244.000       1.3632
 245.000       1.3863
 246.000       1.0771
 247.000       1.0915
 248.000       1.2629
 249.000       1.1183
 250.000       0.8722
 251.000       1.1216
 252.000       1.1169
 253.000       0.8575
 254.000       0.9563
 255.000       1.2046
 256.000       1.1263
 257.000       1.0097
 258.000       1.1928
 259.000       1.0289
 260.000       1.0792
 261.000       0.9092
 262.000       0.9640
 263.000       0.9362
 264.000       0.7104
 265.000       0.6985
 266.000       0.8404
 267.000       0.7731
 268.000       0.6258
 269.000       0.7925
 270.000       1.0388
 271.000       0.9868
 272.000       0.9674
 273.000       1.2812
 274.000       1.5087
 275.000       1.3935
 276.000       1.4250
 277.000       1.9560
 278.000       2.2956
 279.000       1.5664
 280.000       1.2906
 281.000       1.0159
 282.000       1.1625
 283.000       1.5685
 284.000       1.3422
 285.000       1.2886
 286.000       1.0472
 287.000       0.7770
 288.000       0.7092
 289.000       0.5943
 290.000       0.7393
 291.000       0.6788
 292.000       0.6616
 293.000       0.7070
 294.000       0.8841
 295.000       0.7854
 296.000       0.7605
 297.000       1.0243
 298.000       1.1309
 299.000       1.1721
 300.000       1.3823
 301.000       1.6432
 302.000       1.6822
 303.000       1.5415
 304.000       1.7556
 305.000       2.3573
 306.000       3.2740
