#Res        AtomicFlx
   1.000       6.1871
   2.000       4.9139
   3.000       3.5702
   4.000       1.2214
   5.000       1.0818
   6.000       0.8645
   7.000       0.6879
   8.000       0.7885
   9.000       0.7211
  10.000       0.5958
  11.000       0.5518
  12.000       0.6095
  13.000       0.8190
  14.000       1.0887
  15.000       1.2887
  16.000       1.0323
  17.000       0.8668
  18.000       0.7547
  19.000       0.5909
  20.000       0.5548
  21.000       0.5702
  22.000       0.5798
  23.000       0.5603
  24.000       0.6169
  25.000       0.6227
  26.000       0.7336
  27.000       0.8733
  28.000       0.9666
  29.000       0.8637
  30.000       0.7050
  31.000       0.6746
  32.000       0.5736
  33.000       0.5343
  34.000       0.5030
  35.000       0.5136
  36.000       0.4964
  37.000       0.4330
  38.000       0.4545
  39.000       0.5261
  40.000       0.5982
  41.000       0.5237
  42.000       0.5256
  43.000       0.5053
  44.000       0.5558
  45.000       0.5878
  46.000       0.6924
  47.000       0.8084
  48.000       1.1338
  49.000       1.3254
  50.000       1.3188
  51.000       1.4003
  52.000       1.3222
  53.000       1.0797
  54.000       1.1506
  55.000       0.9689
  56.000       0.8382
  57.000       0.7330
  58.000       0.9304
  59.000       0.9179
  60.000       1.2299
  61.000       1.0812
  62.000       0.8254
  63.000       0.9212
  64.000       0.8330
  65.000       0.7607
  66.000       0.8551
  67.000       0.9284
  68.000       1.0002
  69.000       1.2520
  70.000       1.0709
  71.000       0.9703
  72.000       0.8699
  73.000       0.9872
  74.000       1.0125
  75.000       1.2076
  76.000       1.2560
  77.000       1.4278
  78.000       1.5744
  79.000       1.2838
  80.000       1.0573
  81.000       0.8818
  82.000       0.8611
  83.000       0.8088
  84.000       0.7909
  85.000       0.7331
  86.000       0.7231
  87.000       0.6768
  88.000       0.6471
  89.000       0.6629
  90.000       0.6571
  91.000       0.6980
  92.000       0.6384
  93.000       0.7270
  94.000       0.6620
  95.000       0.8251
  96.000       0.9727
  97.000       1.0900
  98.000       0.8141
  99.000       0.7728
 100.000       0.7415
 101.000       0.6813
 102.000       0.6943
 103.000       0.6080
 104.000       0.5860
 105.000       0.6190
 106.000       0.6492
 107.000       0.7073
 108.000       0.9421
 109.000       0.9914
 110.000       1.0016
 111.000       1.1836
 112.000       1.2162
 113.000       0.9917
 114.000       0.9470
 115.000       1.1042
 116.000       1.2215
 117.000       1.2264
 118.000       0.9440
 119.000       0.8219
 120.000       0.6475
 121.000       0.6586
 122.000       0.5724
 123.000       0.4950
 124.000       0.4609
 125.000       0.4938
 126.000       0.4807
 127.000       0.5531
 128.000       0.5432
 129.000       0.6708
 130.000       0.7087
 131.000       0.6808
 132.000       0.6638
 133.000       0.7669
 134.000       0.9441
 135.000       0.9647
 136.000       1.1119
 137.000       1.2556
 138.000       1.0152
 139.000       0.9787
 140.000       0.6945
 141.000       0.6134
 142.000       0.5689
 143.000       0.6036
 144.000       0.5883
 145.000       0.5736
 146.000       0.6020
 147.000       0.7631
 148.000       0.8138
 149.000       0.7750
 150.000       0.9038
 151.000       0.7263
 152.000       0.6712
 153.000       0.5254
 154.000       0.5223
 155.000       0.4682
 156.000       0.4524
 157.000       0.4797
 158.000       0.5915
 159.000       0.5889
 160.000       0.6574
 161.000       1.2842
 162.000       2.1146
 163.000       1.3315
 164.000       1.4641
 165.000       1.7554
 166.000       2.1429
 167.000       2.3223
 168.000       2.4416
 169.000       2.3582
 170.000       2.1214
 171.000       2.2009
 172.000       2.3148
 173.000       2.2448
 174.000       1.9113
 175.000       2.0626
 176.000       0.7352
 177.000       0.6408
 178.000       0.5386
 179.000       0.5264
 180.000       0.5135
 181.000       0.6146
 182.000       0.6242
 183.000       0.6852
 184.000       0.6108
 185.000       0.7166
 186.000       0.7894
 187.000       0.8170
 188.000       0.5937
 189.000       0.5197
 190.000       0.6421
 191.000       0.8736
 192.000       0.9542
 193.000       0.6239
 194.000       0.4350
 195.000       0.4356
 196.000       0.4326
 197.000       0.4604
 198.000       0.4798
 199.000       0.5448
 200.000       0.5672
 201.000       0.5862
 202.000       0.5076
 203.000       0.4720
 204.000       0.4339
 205.000       0.4430
 206.000       0.4733
 207.000       0.4601
 208.000       0.4710
 209.000       0.5304
 210.000       0.6984
 211.000       0.6563
 212.000       0.5802
 213.000       0.5675
 214.000       0.7656
 215.000       0.8160
 216.000       0.8041
 217.000       0.7814
 218.000       0.7703
 219.000       0.9378
 220.000       0.8447
 221.000       0.9185
 222.000       0.7476
 223.000       0.6357
 224.000       0.6395
 225.000       0.5829
 226.000       0.5850
 227.000       0.9109
 228.000       0.7723
 229.000       0.6437
 230.000       0.4675
 231.000       0.4399
 232.000       0.4571
 233.000       0.4840
 234.000       0.5181
 235.000       0.5661
 236.000       0.5207
 237.000       0.5988
 238.000       0.5356
 239.000       0.5071
 240.000       0.5006
 241.000       0.5491
 242.000       0.6239
 243.000       0.7461
 244.000       0.7820
 245.000       0.6249
 246.000       0.5909
 247.000       0.6938
 248.000       0.6782
 249.000       0.6144
 250.000       0.6194
 251.000       0.6670
 252.000       0.6576
 253.000       0.6388
 254.000       0.7366
 255.000       0.8207
 256.000       0.8705
 257.000       0.9423
 258.000       1.6255
 259.000       1.7796
 260.000       1.3047
 261.000       1.4702
 262.000       1.1559
 263.000       1.3861
 264.000       1.5556
 265.000       1.0634
 266.000       0.7937
 267.000       0.8045
 268.000       0.9588
 269.000       1.0210
 270.000       1.2774
 271.000       0.9906
 272.000       0.9121
 273.000       0.9452
 274.000       1.0185
 275.000       1.2276
 276.000       1.7741
 277.000       2.1521
 278.000       2.5681
 279.000       1.6911
 280.000       1.2864
 281.000       1.2001
 282.000       0.9017
 283.000       1.0055
 284.000       0.9143
 285.000       0.6211
 286.000       0.5768
 287.000       0.5723
 288.000       0.5582
 289.000       0.5452
 290.000       0.4798
 291.000       0.4198
 292.000       0.4496
 293.000       0.4903
 294.000       0.5474
 295.000       0.7246
 296.000       0.9872
 297.000       1.1549
 298.000       1.0166
 299.000       0.7919
 300.000       0.5436
 301.000       0.4484
 302.000       0.5137
 303.000       0.4659
 304.000       0.5095
 305.000       0.5761
 306.000       0.5630
 307.000       0.5876
 308.000       0.6232
 309.000       0.6073
 310.000       0.5650
 311.000       0.6134
 312.000       0.8183
 313.000       1.0051
 314.000       1.1621
 315.000       2.4285
 316.000       3.6331
 317.000       4.0874
 318.000       4.4532
 319.000       4.5529
 320.000       3.4927
 321.000       3.0206
 322.000       1.8552
 323.000       1.3362
 324.000       0.9489
 325.000       0.7818
 326.000       0.6793
 327.000       0.5737
 328.000       0.5688
 329.000       0.5654
 330.000       0.6025
 331.000       0.6234
 332.000       0.7843
 333.000       1.4368
 334.000       1.2284
 335.000       0.8946
 336.000       0.6756
 337.000       0.5307
 338.000       0.5692
 339.000       0.6513
 340.000       0.5375
 341.000       0.5823
 342.000       0.5353
 343.000       0.5304
 344.000       0.6113
 345.000       0.7045
 346.000       0.4554
 347.000       0.4045
 348.000       0.4263
 349.000       0.4310
 350.000       0.4384
 351.000       0.4908
 352.000       0.5188
 353.000       0.6455
 354.000       0.5290
 355.000       0.4973
 356.000       0.4332
 357.000       0.4306
 358.000       0.4809
 359.000       0.4145
 360.000       0.4315
 361.000       0.4721
 362.000       0.4635
 363.000       0.5730
 364.000       0.5733
 365.000       0.5705
 366.000       0.6589
 367.000       0.8703
 368.000       1.1660
 369.000       1.5915
 370.000       1.3058
 371.000       1.1667
 372.000       1.1481
 373.000       0.7956
 374.000       0.5934
 375.000       0.6564
 376.000       0.7762
 377.000       0.7364
 378.000       0.7220
 379.000       0.7789
 380.000       1.0356
 381.000       1.0437
 382.000       1.2615
 383.000       1.6119
 384.000       1.2440
 385.000       1.5398
 386.000       1.1194
 387.000       0.8444
 388.000       0.9499
 389.000       1.7545
 390.000       2.5193
